967.965000	968.113729	4.863732E-4	1.076908E-2	99.975600	1784338.000000	1784370.000000	-32.000000
967.967000	968.116234	4.864184E-4	1.076903E-2	100.059800	1788037.000000	1788065.000000	-28.000000
967.970000	968.118582	4.872503E-4	1.078706E-2	100.037800	1791643.000000	1791712.000000	-69.000000
967.972000	968.120930	4.881188E-4	1.080387E-2	99.960300	1795330.000000	1795360.000000	-30.000000
967.974000	968.123356	4.887162E-4	1.081646E-2	99.965200	1798934.000000	1798962.000000	-28.000000
967.977000	968.125782	4.885730E-4	1.081390E-2	99.923900	1802633.000000	1802660.000000	-27.000000
967.979000	968.128209	4.883304E-4	1.080538E-2	100.038800	1806332.000000	1806363.000000	-31.000000
967.981000	968.130635	4.882481E-4	1.080412E-2	100.176300	1810036.000000	1810063.000000	-27.000000
967.984000	968.131652	4.883946E-4	1.080901E-2	100.018700	1854024.000000	1854052.000000	-28.000000
967.986000	968.134000	4.890648E-4	1.082290E-2	99.958400	1857627.000000	1857658.000000	-31.000000
967.988000	968.136505	4.895374E-4	1.083151E-2	99.874800	1861322.000000	1861349.000000	-27.000000
967.990000	968.139009	4.896909E-4	1.083620E-2	99.889100	1865021.000000	1865049.000000	-28.000000
967.992000	968.141435	4.896714E-4	1.083493E-2	99.915600	1868718.000000	1868745.000000	-27.000000
967.994000	968.143940	4.891959E-4	1.082307E-2	99.938700	1872417.000000	1872446.000000	-29.000000
967.997000	968.146444	4.883074E-4	1.080198E-2	99.930000	1876026.000000	1876095.000000	-69.000000
967.999000	968.148870	4.879859E-4	1.079329E-2	99.918100	1879715.000000	1879746.000000	-31.000000
968.000000	968.151375	4.881223E-4	1.079510E-2	99.880800	1883424.000000	1883454.000000	-30.000000
968.002000	968.153879	4.883143E-4	1.595526E+2	99.813100	1887121.000000	1887152.000000	-31.000000
968.004000	968.156305	4.888338E-4	1.616166E+2	99.894800	1890822.000000	1890854.000000	-32.000000
968.006000	968.158810	4.893831E-4	3.914656E+0	99.995900	1894520.000000	1894550.000000	-30.000000
968.008000	968.161314	4.888046E-4	9.126438E-1	100.133800	1898216.000000	1898244.000000	-28.000000
968.010000	968.163740	4.885122E-4	1.079585E-2	100.256000	1901915.000000	1901943.000000	-28.000000
968.013000	968.166166	4.879810E-4	1.078247E-2	100.180600	1905516.000000	1905545.000000	-29.000000
968.016000	968.168592	4.880337E-4	1.078167E-2	100.105400	1909213.000000	1909242.000000	-29.000000
968.018000	968.171019	4.882756E-4	1.078584E-2	100.223300	1912908.000000	1912937.000000	-29.000000
968.021000	968.173523	4.888325E-4	1.079547E-2	100.069700	1916605.000000	1916636.000000	-31.000000
968.023000	968.175949	4.893487E-4	1.080462E-2	100.158200	1920306.000000	1920335.000000	-29.000000
968.025000	968.178375	4.891227E-4	1.079879E-2	100.048100	1924017.000000	1924045.000000	-28.000000
968.028000	968.180879	1.653047E-2	1.077346E-2	100.041900	1927608.000000	1927639.000000	-31.000000
968.030000	968.183384	4.873628E-4	1.075571E-2	100.005200	1931316.000000	1931345.000000	-29.000000
968.032000	968.185888	4.866508E-4	1.073800E-2	99.988400	1935013.000000	1935043.000000	-30.000000
968.035000	968.188236	4.865260E-4	1.073191E-2	99.938400	1938708.000000	1938737.000000	-29.000000
968.038000	968.190662	4.866455E-4	1.073124E-2	99.893800	1942407.000000	1942437.000000	-30.000000
968.039000	968.193166	4.863255E-4	1.072303E-2	100.072700	1946103.000000	1946130.000000	-27.000000
968.041000	968.195670	4.863274E-4	1.072074E-2	100.142900	1949705.000000	1949733.000000	-28.000000
968.042000	968.198174	4.858341E-4	1.070834E-2	100.065000	1953401.000000	1953430.000000	-29.000000
968.048000	968.200600	4.848964E-4	1.068570E-2	100.039600	1957011.000000	1957077.000000	-66.000000
968.051000	968.203105	4.842096E-4	1.066737E-2	100.066500	1960702.000000	1960732.000000	-30.000000
968.053000	968.205531	4.838620E-4	1.065751E-2	100.182300	1964397.000000	1964424.000000	-27.000000
968.055000	968.207956	4.845281E-4	1.066796E-2	100.193300	1968098.000000	1968127.000000	-29.000000
968.058000	968.210382	4.852590E-4	1.068147E-2	100.111700	1971792.000000	1971820.000000	-28.000000
968.059000	968.212808	4.855096E-4	1.068438E-2	100.151300	1975393.000000	1975421.000000	-28.000000
968.061000	968.215234	4.856374E-4	1.068407E-2	100.174600	1979092.000000	1979122.000000	-30.000000
968.062000	968.217660	4.854399E-4	1.067689E-2	100.253700	1982803.000000	1982832.000000	-29.000000
968.065000	968.220086	-7.996119E-1	1.066589E-2	100.443600	1986389.000000	1986416.000000	-27.000000
968.067000	968.222512	4.846617E-4	1.065231E-2	100.495800	1990000.000000	1990071.000000	-71.000000
968.070000	968.224938	4.848355E-4	1.065101E-2	100.291100	1993690.000000	1993719.000000	-29.000000
968.072000	968.227442	4.850442E-4	1.065256E-2	100.150900	1997396.000000	1997427.000000	-31.000000
968.074000	968.229868	4.855887E-4	1.207853E+1	100.161900	2001094.000000	2001124.000000	-30.000000
968.075000	968.232372	4.856992E-4	1.065888E-2	100.105400	2004697.000000	2004725.000000	-28.000000
968.078000	968.234798	4.857718E-4	1.065629E-2	100.011700	2008396.000000	2008420.000000	-24.000000
968.080000	968.237302	4.849848E-4	1.063421E-2	100.023600	2012093.000000	2012122.000000	-29.000000
968.082000	968.239806	4.844503E-4	1.062013E-2	99.966100	2015794.000000	2015823.000000	-29.000000
968.084000	968.242310	4.839287E-4	1.060569E-2	99.902200	2019392.000000	2019421.000000	-29.000000
968.086000	968.244814	4.836389E-4	1.059484E-2	99.969600	2023089.000000	2023117.000000	-28.000000
968.088000	968.247240	4.841529E-4	1.060334E-2	99.922000	2026694.000000	2026724.000000	-30.000000
968.091000	968.249744	4.845813E-4	1.060796E-2	99.945600	2030392.000000	2030422.000000	-30.000000
968.093000	968.252170	4.849478E-4	1.061130E-2	100.028600	2034088.000000	2034115.000000	-27.000000
968.096000	968.254517	4.845474E-4	1.059858E-2	100.001600	2037782.000000	2037811.000000	-29.000000
968.097000	968.256943	4.842709E-4	1.058973E-2	99.939200	2041482.000000	2041512.000000	-30.000000
968.101000	968.259369	4.837557E-4	1.057354E-2	100.012100	2045177.000000	2045202.000000	-25.000000
968.103000	968.261716	4.837258E-4	1.056984E-2	100.060900	2048779.000000	2048805.000000	-26.000000
968.106000	968.264142	4.840333E-4	1.057206E-2	99.996000	2052475.000000	2052503.000000	-28.000000
968.109000	968.266646	4.844604E-4	1.057895E-2	100.087500	2056078.000000	2056106.000000	-28.000000
968.111000	968.269150	4.844891E-4	1.057560E-2	100.095200	2059777.000000	2059805.000000	-28.000000
968.113000	968.271654	4.839253E-4	1.056041E-2	100.138900	2063376.000000	2063404.000000	-28.000000
968.115000	968.274080	4.831218E-4	1.053844E-2	100.186200	2067074.000000	2067103.000000	-29.000000
968.118000	968.276505	4.817048E-4	1.050399E-2	100.129600	2070675.000000	2070704.000000	-29.000000
968.120000	968.278931	4.812466E-4	1.048948E-2	100.131700	2074372.000000	2074401.000000	-29.000000
968.121000	968.281435	4.810482E-4	1.048379E-2	100.034300	2078067.000000	2078098.000000	-31.000000
968.124000	968.283861	4.808130E-4	1.047536E-2	100.091500	2081784.000000	2081814.000000	-30.000000
968.126000	968.286365	4.807600E-4	1.047294E-2	100.132800	2085475.000000	2085505.000000	-30.000000
968.128000	968.288869	4.803065E-4	1.046047E-2	99.987400	2089080.000000	2089107.000000	-27.000000
968.132000	968.280261	4.797541E-4	1.044155E-2	100.044000	2129361.000000	2129389.000000	-28.000000
968.135000	968.282687	4.787133E-4	1.041335E-2	100.031100	2133058.000000	2133086.000000	-28.000000
968.138000	968.285113	4.783840E-4	1.040218E-2	99.985100	2136759.000000	2136786.000000	-27.000000
968.140000	968.287538	4.784369E-4	1.040159E-2	99.987500	2140359.000000	2140389.000000	-30.000000
968.142000	968.290042	4.789440E-4	1.040852E-2	99.979900	2144055.000000	2144087.000000	-32.000000
968.144000	968.292468	4.793752E-4	1.041423E-2	99.980500	2147767.000000	2147795.000000	-28.000000
968.147000	968.294894	4.794187E-4	1.041057E-2	99.984600	2151367.000000	2151433.000000	-66.000000
968.148000	968.297397	4.791151E-4	1.040035E-2	99.959400	2155066.000000	2155095.000000	-29.000000
968.151000	968.299901	4.784225E-4	1.038049E-2	99.932400	2158764.000000	2158795.000000	-31.000000
968.153000	968.302405	4.783164E-4	1.037210E-2	99.941400	2162459.000000	2162489.000000	-30.000000
968.155000	968.304909	4.782999E-4	1.036872E-2	99.998500	2166157.000000	2166187.000000	-30.000000
968.157000	968.307335	4.787268E-4	1.037369E-2	99.908800	2169760.000000	2169789.000000	-29.000000
968.159000	968.309760	4.792509E-4	1.037980E-2	99.904000	2173454.000000	2173484.000000	-30.000000
968.161000	968.312186	4.793294E-4	1.037818E-2	100.025000	2177154.000000	2177185.000000	-31.000000
968.163000	968.314611	4.790008E-4	1.036728E-2	99.992100	2180845.000000	2180873.000000	-28.000000
968.165000	968.317037	4.785239E-4	1.035261E-2	100.088600	2184548.000000	2184578.000000	-30.000000
968.167000	968.319541	4.779692E-4	1.033592E-2	100.040000	2188244.000000	2188275.000000	-31.000000
968.170000	968.322044	4.778301E-4	1.032752E-2	100.030000	2191957.000000	2191978.000000	-21.000000
968.172000	968.324470	4.783615E-4	1.033455E-2	99.935100	2195564.000000	2195634.000000	-70.000000
968.175000	968.326895	4.792516E-4	1.034801E-2	99.910000	2199256.000000	2199283.000000	-27.000000
968.178000	968.329243	8.003838E-1	1.035496E-2	99.905100	2202846.000000	2202875.000000	-29.000000
968.179000	968.331746	4.798544E-4	1.035360E-2	100.000400	2206551.000000	2206580.000000	-29.000000
968.182000	968.334250	4.798008E-4	1.034884E-2	99.995300	2210255.000000	2210285.000000	-30.000000
968.184000	968.336676	4.791678E-4	1.032961E-2	100.066200	2213947.000000	2213976.000000	-29.000000
968.187000	968.339023	4.792271E-4	1.032631E-2	100.124900	2217650.000000	2217679.000000	-29.000000
968.188000	968.341448	4.794347E-4	1.032648E-2	100.288400	2221347.000000	2221375.000000	-28.000000
968.191000	968.343952	4.798450E-4	1.033070E-2	100.168300	2225041.000000	2225071.000000	-30.000000
968.193000	968.346456	4.801425E-4	1.033203E-2	100.177500	2228741.000000	2228772.000000	-31.000000
968.196000	968.348881	4.799708E-4	6.503826E+1	100.146400	2232436.000000	2232463.000000	-27.000000
968.198000	968.351307	4.794218E-4	6.150425E+1	100.213000	2236140.000000	2236170.000000	-30.000000
968.201000	968.353732	4.783864E-4	1.623822E+1	100.220800	2239846.000000	2239876.000000	-30.000000
968.202000	968.356157	4.777898E-4	1.902126E-1	100.139700	2243546.000000	2243576.000000	-30.000000
968.203000	968.358583	4.773659E-4	1.025302E-2	100.186700	2247242.000000	2247270.000000	-28.000000
968.205000	968.361008	4.766106E-4	2.618532E-2	100.311800	2250938.000000	2250968.000000	-30.000000
968.210000	968.358661	4.761310E-4	1.021873E-2	100.118700	2283224.000000	2283251.000000	-27.000000
968.213000	968.361086	4.764324E-4	1.022260E-2	100.120300	2286837.000000	2286906.000000	-69.000000
968.215000	968.363512	4.757030E-4	1.019996E-2	100.021700	2290521.000000	2290549.000000	-28.000000
968.218000	968.365937	4.747517E-4	1.017435E-2	99.939600	2294231.000000	2294261.000000	-30.000000
968.219000	968.368441	4.743819E-4	5.613023E-2	99.935600	2297933.000000	2297960.000000	-27.000000
968.223000	968.372118	4.747702E-4	1.016223E-2	99.956100	2328827.000000	2328857.000000	-30.000000
968.226000	968.374543	4.753204E-4	1.016736E-2	99.960700	2332523.000000	2332551.000000	-28.000000
968.229000	968.376890	4.759070E-4	1.017322E-2	99.890800	2336219.000000	2336248.000000	-29.000000
968.231000	968.379394	4.758823E-4	1.016712E-2	100.015800	2339914.000000	2339942.000000	-28.000000
968.233000	968.381819	4.757704E-4	1.015898E-2	99.881300	2343614.000000	2343643.000000	-29.000000
968.234000	968.384245	4.750526E-4	1.013496E-2	99.905000	2347311.000000	2347339.000000	-28.000000
968.236000	968.386670	4.748493E-4	1.012196E-2	100.009000	2351011.000000	2351042.000000	-31.000000
968.238000	968.389095	4.746665E-4	1.011132E-2	100.024400	2354716.000000	2354744.000000	-28.000000
968.239000	968.391520	4.749938E-4	1.011246E-2	99.950400	2358419.000000	2358447.000000	-28.000000
968.241000	968.394024	4.756100E-4	1.011926E-2	100.017000	2362117.000000	2362148.000000	-31.000000
968.244000	968.396449	4.757821E-4	1.011176E-2	100.077100	2365813.000000	2365842.000000	-29.000000
968.246000	968.398953	4.757291E-4	1.010442E-2	100.015500	2369508.000000	2369536.000000	-28.000000
968.249000	968.401378	4.749433E-4	1.007456E-2	99.999000	2373208.000000	2373236.000000	-28.000000
968.252000	968.403803	4.745558E-4	1.005382E-2	99.999200	2376828.000000	2376892.000000	-64.000000
968.254000	968.406150	4.742378E-4	1.003490E-2	99.996300	2380509.000000	2380535.000000	-26.000000
968.256000	968.408575	4.744938E-4	1.003006E-2	100.038400	2384202.000000	2384231.000000	-29.000000
968.258000	968.411001	4.750095E-4	1.003145E-2	100.099800	2387902.000000	2387931.000000	-29.000000
968.260000	968.413504	4.754432E-4	1.002989E-2	100.008200	2391604.000000	2391633.000000	-29.000000
968.264000	968.415851	4.759541E-4	1.001983E-2	100.056900	2395309.000000	2395335.000000	-26.000000
968.266000	968.418354	4.754531E-4	9.997346E-3	99.979300	2399011.000000	2399038.000000	-27.000000
968.269000	968.420780	4.744104E-4	9.957279E-3	100.036500	2402706.000000	2402736.000000	-30.000000
968.270000	968.423283	4.739620E-4	9.937864E-3	100.158400	2406403.000000	2406432.000000	-29.000000
968.272000	968.425786	4.738297E-4	9.921198E-3	100.072100	2410099.000000	2410129.000000	-30.000000
968.275000	968.428212	4.737644E-4	9.903596E-3	99.949000	2413800.000000	2413826.000000	-26.000000
968.277000	968.430637	4.740540E-4	9.895720E-3	100.052100	2417497.000000	2417526.000000	-29.000000
968.279000	968.433140	4.744013E-4	9.893324E-3	100.278800	2421195.000000	2421225.000000	-30.000000
968.282000	968.435487	4.740541E-4	9.871234E-3	100.108300	2424905.000000	2424935.000000	-30.000000
968.283000	968.437990	4.739546E-4	9.861176E-3	100.093800	2428603.000000	2428633.000000	-30.000000
968.285000	968.440415	4.731690E-4	9.828469E-3	100.039800	2432299.000000	2432324.000000	-25.000000
968.287000	968.442919	4.724062E-4	9.796167E-3	100.272000	2435903.000000	2435932.000000	-29.000000
968.295000	968.450194	4.722841E-4	-5.922119E-1	100.203200	2446996.000000	2447025.000000	-29.000000
968.297000	968.452541	8.003777E-1	9.719340E-3	100.252300	2450605.000000	2450675.000000	-70.000000
968.298000	968.455044	4.721353E-4	9.707321E-3	100.127300	2454294.000000	2454325.000000	-31.000000
968.301000	968.457547	4.717943E-4	9.680136E-3	100.041700	2457990.000000	2458018.000000	-28.000000
968.304000	968.459972	4.708629E-4	9.634710E-3	100.025900	2461608.000000	2461673.000000	-65.000000
968.305000	968.462397	4.706596E-4	9.616721E-3	100.149200	2465290.000000	2465319.000000	-29.000000
968.308000	968.464823	4.708759E-4	9.595829E-3	100.120200	2468986.000000	2469015.000000	-29.000000
968.310000	968.467326	4.715460E-4	9.595293E-3	100.075300	2472682.000000	2472708.000000	-26.000000
968.312000	968.469751	4.721965E-4	9.590637E-3	99.960000	2476386.000000	2476415.000000	-29.000000
968.314000	968.472176	4.729309E-4	9.586806E-3	99.902200	2480095.000000	2480125.000000	-30.000000
968.316000	968.474601	4.728699E-4	9.567237E-3	100.009600	2483788.000000	2483819.000000	-31.000000
968.318000	968.477104	4.725256E-4	9.541753E-3	99.915000	2487395.000000	2487423.000000	-28.000000
968.320000	968.479607	4.720151E-4	9.514988E-3	99.889900	2491089.000000	2491117.000000	-28.000000
968.321000	968.482110	4.718931E-4	9.501622E-3	99.852800	2494785.000000	2494811.000000	-26.000000
968.323000	968.484535	4.719146E-4	9.482855E-3	99.858000	2498483.000000	2498510.000000	-27.000000
968.326000	968.487038	4.724726E-4	9.548038E+1	99.857800	2502182.000000	2502211.000000	-29.000000
968.329000	968.489542	4.731337E-4	9.471888E-3	99.806600	2505878.000000	2505907.000000	-29.000000
968.340000	968.490246	4.740350E-4	9.421159E-3	99.963800	2601952.000000	2601980.000000	-28.000000
968.343000	968.492670	4.748042E-4	9.410389E-3	99.974400	2605553.000000	2605581.000000	-28.000000
968.345000	968.495095	4.755626E-4	9.410552E-3	100.023900	2609252.000000	2609280.000000	-28.000000
968.348000	968.497599	4.761095E-4	9.400882E-3	100.035100	2612964.000000	2612993.000000	-29.000000
968.350000	968.500102	4.762915E-4	9.393279E-3	100.166800	2616660.000000	2616692.000000	-32.000000
968.353000	968.502605	4.753388E-4	9.356612E-3	100.318100	2620357.000000	2620389.000000	-32.000000
968.355000	968.505108	4.746579E-4	9.323392E-3	100.271600	2624057.000000	2624088.000000	-31.000000
968.358000	968.507533	4.741771E-4	9.285824E-3	100.341900	2627752.000000	2627781.000000	-29.000000
968.359000	968.510036	4.741940E-4	9.272294E-3	100.217800	2631451.000000	2631480.000000	-29.000000
968.362000	968.512382	4.741495E-4	9.249460E-3	100.114600	2635146.000000	2635174.000000	-28.000000
968.363000	968.514807	4.740127E-4	9.229727E-3	100.257500	2638765.000000	2638836.000000	-71.000000
968.366000	968.517310	4.738874E-4	9.203870E-3	100.216000	2642447.000000	2642477.000000	-30.000000
968.368000	968.519813	4.731310E-4	9.160850E-3	100.072100	2646045.000000	2646070.000000	-25.000000
968.371000	968.522238	4.713854E-4	9.094997E-3	99.903700	2649748.000000	2649777.000000	-29.000000
968.373000	968.524663	4.702539E-4	9.048633E-3	100.016200	2653443.000000	2653474.000000	-31.000000
968.376000	968.527009	4.697084E-4	9.004671E-3	100.008500	2657148.000000	2657177.000000	-29.000000
968.378000	968.529434	4.698714E-4	8.984342E-3	100.100800	2660848.000000	2660878.000000	-30.000000
968.383000	968.531859	4.696446E-4	8.952114E-3	99.991600	2664552.000000	2664581.000000	-29.000000
968.384000	968.534362	4.700200E-4	8.935818E-3	99.902200	2668249.000000	2668278.000000	-29.000000
968.388000	968.536709	4.688389E-4	8.863267E-3	99.828200	2671941.000000	2671968.000000	-27.000000
968.389000	968.539133	4.685564E-4	8.834845E-3	100.034000	2675639.000000	2675668.000000	-29.000000
968.392000	968.541636	4.678965E-4	8.775465E-3	100.194500	2679244.000000	2679272.000000	-28.000000
968.393000	968.544139	4.683179E-4	8.758549E-3	100.237700	2682941.000000	2682970.000000	-29.000000
968.395000	968.546642	4.687983E-4	8.727651E-3	100.041300	2686636.000000	2686666.000000	-30.000000
968.397000	968.549067	4.695951E-4	8.698231E-3	99.970400	2690242.000000	2690265.000000	-23.000000
968.399000	968.551492	4.704744E-4	8.667086E-3	99.985800	2693936.000000	2693968.000000	-32.000000
968.401000	968.553916	4.705801E-4	8.636920E-3	100.055700	2697632.000000	2697661.000000	-29.000000
968.402000	968.556341	4.701580E-4	8.595738E-3	99.890700	2701329.000000	2701360.000000	-31.000000
968.405000	968.558844	4.700899E-4	8.567456E-3	99.918500	2705044.000000	2705075.000000	-31.000000
968.408000	968.561269	4.692487E-4	8.501667E-3	99.811300	2708741.000000	2708769.000000	-28.000000
968.410000	968.563771	4.691595E-4	8.462276E-3	99.881800	2712439.000000	2712469.000000	-30.000000
968.413000	968.566196	4.662976E-4	8.344121E-3	99.997700	2716133.000000	2716162.000000	-29.000000
968.414000	968.568543	4.674371E-4	8.329808E-3	100.011000	2719831.000000	2719861.000000	-30.000000
968.417000	968.570889	4.688208E-4	8.302309E-3	99.903500	2723529.000000	2723557.000000	-28.000000
968.419000	968.573314	4.700160E-4	8.280585E-3	99.823200	2727229.000000	2727259.000000	-30.000000
968.420000	968.575738	4.704955E-4	8.259314E-3	100.062200	2730925.000000	2730953.000000	-28.000000
968.423000	968.578241	4.710443E-4	8.225933E-3	99.990700	2734636.000000	2734664.000000	-28.000000
968.427000	968.580666	4.709809E-4	8.151908E-3	100.186200	2738334.000000	2738365.000000	-31.000000
968.428000	968.583090	4.714811E-4	8.111263E-3	100.254400	2742034.000000	2742064.000000	-30.000000
968.431000	968.585515	4.723184E-4	8.072711E-3	100.024900	2745730.000000	2745762.000000	-32.000000
968.432000	968.588018	4.731569E-4	8.047046E-3	99.991500	2749332.000000	2749409.000000	-77.000000
968.435000	968.590520	4.734594E-4	7.986589E-3	99.873500	2753029.000000	2753058.000000	-29.000000
968.437000	968.592945	4.732854E-4	7.929941E-3	99.915000	2756726.000000	2756756.000000	-30.000000
968.440000	968.595369	4.723582E-4	7.847194E-3	100.016900	2760421.000000	2760449.000000	-28.000000
968.442000	968.597716	4.716967E-4	7.779432E-3	100.135800	2764120.000000	2764149.000000	-29.000000
968.444000	968.600140	4.712396E-4	7.713947E-3	100.171500	2767817.000000	2767846.000000	-29.000000
968.446000	968.602643	4.711646E-4	7.663862E-3	100.251200	2771521.000000	2771550.000000	-29.000000
968.448000	968.605146	4.709670E-4	7.581894E-3	100.124700	2775146.000000	2775209.000000	-63.000000
968.450000	968.607648	1.165678E-2	7.532308E-3	99.981000	2778817.000000	2778847.000000	-30.000000
968.453000	968.610073	4.700844E-4	7.425677E-3	99.932800	2782524.000000	2782550.000000	-26.000000
968.455000	968.612497	4.688963E-4	7.320362E-3	99.899100	2786226.000000	2786254.000000	-28.000000
968.458000	968.614922	4.672634E-4	7.207767E-3	99.921500	2789921.000000	2789951.000000	-30.000000
968.459000	968.617425	4.669374E-4	7.161986E-3	100.049500	2793618.000000	2793647.000000	-29.000000
968.459000	968.617425	4.671215E-4	7.165213E-3	100.112700	2796115.000000	2796144.000000	-29.000000
968.462000	968.619849	1.317513E+1	7.039480E-3	100.102200	2799726.000000	2799809.000000	-83.000000
968.464000	968.622273	4.660728E-4	6.983765E-3	99.878300	2803410.000000	2803438.000000	-28.000000
968.467000	968.624698	4.660810E-4	6.847939E-3	99.842100	2807023.000000	2807094.000000	-71.000000
968.468000	968.627122	4.664517E-4	6.770910E-3	99.928100	2810714.000000	2810744.000000	-30.000000
968.474000	968.634474	4.662434E-4	6.457138E-3	100.003800	2821805.000000	2821833.000000	-28.000000
968.476000	968.636898	4.663190E-4	6.351208E-3	100.086300	2825517.000000	2825548.000000	-31.000000
968.479000	968.639323	4.668199E-4	6.220390E-3	99.979700	2829212.000000	2829241.000000	-29.000000
968.480000	968.641747	4.675128E-4	6.143627E-3	100.102300	2832914.000000	2832942.000000	-28.000000
968.482000	968.644171	4.682228E-4	6.051968E-3	100.061400	2836609.000000	2836640.000000	-31.000000
968.483000	968.646674	4.687250E-4	6.006603E-3	99.899300	2840302.000000	2840330.000000	-28.000000
968.480000	968.649176	4.903541E-4	6.438501E-3	100.088700	2843909.000000	2843939.000000	-30.000000
968.482000	968.651601	4.910740E-4	6.347066E-3	99.900600	2847603.000000	2847633.000000	-30.000000
968.485000	968.654025	4.913447E-4	6.174353E-3	99.901400	2851303.000000	2851332.000000	-29.000000
968.487000	968.656371	4.909130E-4	6.024885E-3	99.911400	2854999.000000	2855028.000000	-29.000000
968.490000	968.658796	4.902162E-4	5.868752E-3	99.884200	2858699.000000	2858730.000000	-31.000000
968.492000	968.661220	4.897972E-4	5.747081E-3	99.987000	2862406.000000	2862435.000000	-29.000000
968.493000	968.663644	4.895210E-4	5.625690E-3	100.008800	2866107.000000	2866136.000000	-29.000000
968.495000	968.666147	4.894844E-4	5.505679E-3	99.927200	2869806.000000	2869835.000000	-29.000000
968.498000	968.668571	4.898683E-4	5.279998E-3	99.876900	2873501.000000	2873530.000000	-29.000000
968.500000	968.670995	4.904688E-4	5.135446E-3	99.806500	2877197.000000	2877227.000000	-30.000000
968.502000	968.673341	4.906727E-4	4.951871E-3	100.055600	2880893.000000	2880923.000000	-30.000000
968.504000	968.675844	4.906989E-4	4.806871E-3	99.991900	2884593.000000	2884620.000000	-27.000000
968.507000	968.678268	4.900139E-4	4.582631E-3	100.074200	2888193.000000	2888223.000000	-30.000000
968.510000	968.680614	4.894990E-4	4.407265E-3	99.966700	2891893.000000	2891924.000000	-31.000000
968.512000	968.683038	4.894531E-4	4.167663E-3	99.918800	2895589.000000	2895620.000000	-31.000000
968.514000	968.685462	4.897338E-4	4.058789E-3	99.923300	2899190.000000	2899220.000000	-30.000000
968.516000	968.687965	4.902088E-4	1.587702E+0	99.986400	2902889.000000	2902916.000000	-27.000000
968.517000	968.690467	4.905714E-4	3.757297E-3	100.111300	2906590.000000	2906618.000000	-28.000000
968.520000	968.692891	4.903137E-4	3.524327E-3	100.039600	2910300.000000	2910330.000000	-30.000000
968.522000	968.695316	4.901441E-4	3.365088E-3	99.971800	2913996.000000	2914027.000000	-31.000000
968.527000	968.681631	4.889926E-4	2.965865E-3	99.854100	2946379.000000	2946409.000000	-30.000000
968.530000	968.683977	4.880698E-4	2.687752E-3	99.942800	2950081.000000	2950111.000000	-30.000000
968.533000	968.688199	4.892183E-4	2.449601E-3	99.979900	2982778.000000	2982807.000000	-29.000000
968.535000	968.690702	4.891810E-4	2.260061E-3	100.123200	2986478.000000	2986509.000000	-31.000000
968.538000	968.693048	4.886898E-4	1.942241E-3	100.049400	2990170.000000	2990198.000000	-28.000000
968.540000	968.695472	4.884910E-4	1.839029E-3	100.001500	2993868.000000	2993896.000000	-28.000000
968.543000	968.697896	4.872761E-4	1.624957E-3	99.912300	2997567.000000	2997596.000000	-29.000000
968.544000	968.700320	4.869672E-4	1.502203E-3	99.939600	3001271.000000	3001302.000000	-31.000000
968.547000	968.703292	4.878227E-4	1.238148E-3	100.136900	3030763.000000	3030794.000000	-31.000000
968.549000	968.705716	4.876182E-4	1.104365E-3	100.058400	3034461.000000	3034488.000000	-27.000000
968.551000	968.708140	4.881762E-4	9.584882E-4	100.171500	3038160.000000	3038190.000000	-30.000000
968.553000	968.710643	4.891240E-4	8.778170E-4	100.230400	3041856.000000	3041879.000000	-23.000000
968.555000	968.712988	4.892550E-4	8.030130E-4	100.096600	3045454.000000	3045485.000000	-31.000000
968.555000	968.715413	4.893511E-4	7.569852E-4	100.032000	3049071.000000	3049150.000000	-79.000000
968.558000	968.717837	4.883801E-4	6.688751E-4	100.006000	3052752.000000	3052781.000000	-29.000000
968.559000	968.720339	4.883988E-4	5.875091E-4	99.930700	3056454.000000	3056484.000000	-30.000000
968.563000	968.722685	4.885966E-4	4.773155E-4	100.077300	3060167.000000	3060195.000000	-28.000000
968.564000	968.725109	4.892807E-4	5.204761E+0	99.997900	3063859.000000	3063889.000000	-30.000000
968.568000	968.727455	4.898526E-4	3.510317E-4	100.101600	3067560.000000	3067589.000000	-29.000000
968.570000	968.729801	4.898451E-4	3.121955E-4	100.083600	3071255.000000	3071284.000000	-29.000000
968.573000	968.734727	4.895968E-4	2.509261E-4	100.065000	3078649.000000	3078680.000000	-31.000000
968.578000	968.739497	4.880815E-4	1.853893E-4	99.925300	3086043.000000	3086071.000000	-28.000000
968.580000	968.741921	4.881641E-4	1.638934E-4	100.065500	3089678.000000	3089739.000000	-61.000000
968.583000	968.744423	4.891189E-4	1.503169E-4	100.023300	3093343.000000	3093373.000000	-30.000000
968.585000	968.746925	4.895512E-4	1.400983E-4	99.997000	3097049.000000	3097078.000000	-29.000000
968.590000	968.746691	4.899416E-4	1.249121E-4	99.878200	3128447.000000	3128477.000000	-30.000000
968.592000	968.749193	4.900063E-4	1.241975E-4	99.939100	3132143.000000	3132173.000000	-30.000000
968.594000	968.751617	4.892992E-4	1.260685E-4	99.935400	3135841.000000	3135871.000000	-30.000000
968.596000	968.754041	4.891734E-4	1.290283E-4	99.931700	3139539.000000	3139567.000000	-28.000000
968.598000	968.756465	4.891783E-4	1.391902E-4	99.867700	3143235.000000	3143263.000000	-28.000000
968.600000	968.785864	4.892935E-4	1.509792E-4	99.985300	5579802.000000	5579833.000000	-31.000000
968.603000	968.788288	4.896311E-4	1.744618E-4	99.909600	5583504.000000	5583532.000000	-28.000000
968.604000	968.790790	4.899606E-4	1.840461E-4	99.927400	5587148.000000	5587212.000000	-64.000000
968.608000	968.793136	4.890415E-4	2.318229E-4	100.018800	5590839.000000	5590911.000000	-72.000000
968.610000	968.795560	4.883538E-4	2.622220E-4	99.894800	5594501.000000	5594529.000000	-28.000000
968.612000	968.798062	4.874629E-4	3.055728E-4	100.003600	5598134.000000	5598206.000000	-72.000000
968.613000	968.800486	4.873727E-4	3.321849E-4	99.906800	5601889.000000	5601918.000000	-29.000000
968.616000	968.802909	4.866050E-4	4.038827E-4	99.846300	5605589.000000	5605621.000000	-32.000000
968.618000	968.805411	4.866449E-4	4.471915E-4	99.849100	5609285.000000	5609314.000000	-29.000000
968.620000	968.807835	4.865938E-4	5.031255E-4	99.895300	5612889.000000	5612917.000000	-28.000000
968.622000	968.810259	4.861959E-4	6.060760E-4	99.860600	5616585.000000	5616613.000000	-28.000000
968.623000	968.812683	4.865718E-4	6.522018E-4	99.987000	5620290.000000	5620321.000000	-31.000000
968.624000	968.815028	4.860259E-4	7.413752E-4	99.985500	5623996.000000	5624019.000000	-23.000000
968.625000	968.817530	4.861113E-4	7.817690E-4	99.876800	5627689.000000	5627718.000000	-29.000000
968.625000	968.819954	4.854041E-4	8.894067E-4	99.957700	5631391.000000	5631421.000000	-30.000000
968.628000	968.822456	4.848999E-4	1.011045E-3	99.996600	5635082.000000	5635113.000000	-31.000000
968.631000	968.824879	4.843500E-4	1.206597E-3	99.981100	5638690.000000	5638719.000000	-29.000000
968.634000	968.827225	4.849704E-4	1.372925E-3	99.958200	5642385.000000	5642415.000000	-30.000000
968.637000	968.829649	4.858116E-4	1.577488E-3	100.001600	5646082.000000	5646110.000000	-28.000000
968.638000	968.832072	4.863563E-4	1.681315E-3	99.949500	5649780.000000	5649810.000000	-30.000000
968.640000	968.834496	4.867328E-4	1.862460E-3	100.091900	5653479.000000	5653508.000000	-29.000000
968.642000	968.836998	4.865319E-4	2.001682E-3	99.948100	5657176.000000	5657201.000000	-25.000000
968.645000	968.839422	4.855006E-4	2.335798E-3	100.058400	5660888.000000	5660915.000000	-27.000000
968.647000	968.841923	4.856485E-4	2.497056E-3	99.997200	5664585.000000	5664616.000000	-31.000000
968.650000	968.844425	4.852546E-4	2.727153E-3	100.122500	5668282.000000	5668311.000000	-29.000000
968.651000	968.846927	4.857584E-4	2.840052E-3	100.181700	5671977.000000	5672007.000000	-30.000000
968.655000	968.849351	4.859011E-4	3.097008E-3	100.250200	5675679.000000	5675708.000000	-29.000000
968.656000	968.851774	4.859436E-4	3.243729E-3	100.256400	5679376.000000	5679406.000000	-30.000000
968.659000	968.854198	4.858855E-4	3.483634E-3	100.094900	5683069.000000	5683099.000000	-30.000000
968.660000	968.856621	4.855442E-4	3.604924E-3	99.994500	5686769.000000	5686798.000000	-29.000000
968.663000	968.859045	4.846912E-4	3.841751E-3	100.006600	5690485.000000	5690516.000000	-31.000000
968.663000	968.861547	4.846531E-4	3.924464E-3	100.077800	5694179.000000	5694210.000000	-31.000000
968.666000	968.863970	4.846163E-4	4.150000E-3	100.088900	5697877.000000	5697906.000000	-29.000000
968.669000	968.866472	4.852923E-4	4.332293E-3	100.130000	5701573.000000	5701604.000000	-31.000000
968.673000	968.868896	4.859484E-4	4.645169E-3	100.062700	5705272.000000	5705302.000000	-30.000000
968.673000	968.871241	4.863453E-4	4.728130E-3	100.104700	5708970.000000	5709000.000000	-30.000000
968.676000	968.873665	4.858055E-4	4.966562E-3	100.154300	5712667.000000	5712698.000000	-31.000000
968.679000	968.875932	4.850647E-4	5.163961E-3	100.164800	5716364.000000	5716395.000000	-31.000000
968.679000	968.878434	4.854405E-4	5.183447E-3	100.209200	5720069.000000	5720097.000000	-28.000000
968.682000	968.880857	4.843856E-4	5.401231E-3	100.248200	5723772.000000	5723801.000000	-29.000000
968.684000	968.883281	4.843884E-4	5.514442E-3	100.212000	5727473.000000	5727502.000000	-29.000000
968.688000	968.885704	4.843368E-4	5.731387E-3	100.101900	5731168.000000	5731199.000000	-31.000000
968.689000	968.888128	4.845623E-4	5.843605E-3	100.147500	5734866.000000	5734895.000000	-29.000000
968.692000	968.890551	4.845028E-4	6.006738E-3	100.079100	5738561.000000	5738592.000000	-31.000000
968.693000	968.893053	4.843657E-4	6.064957E-3	99.934900	5742261.000000	5742288.000000	-27.000000
968.695000	968.895554	4.832803E-4	1.597994E+1	99.983600	5745802.000000	5745870.000000	-68.000000
968.696000	968.897978	4.818787E-4	6.291468E-3	99.936300	5749405.000000	5749471.000000	-66.000000
968.698000	968.900401	4.806582E-4	6.406092E-3	100.038300	5753161.000000	5753190.000000	-29.000000
968.699000	968.868661	4.808217E-4	6.507793E-3	99.871400	5793552.000000	5793583.000000	-31.000000
968.701000	968.871007	4.802751E-4	6.609279E-3	99.937400	5797249.000000	5797278.000000	-29.000000
968.702000	968.873430	4.804647E-4	6.664266E-3	99.841800	5800947.000000	5800973.000000	-26.000000
968.705000	968.875932	4.797910E-4	6.777248E-3	99.827700	5804545.000000	5804575.000000	-30.000000
968.707000	968.878355	4.794093E-4	6.884522E-3	99.907300	5808243.000000	5808271.000000	-28.000000
968.710000	968.880779	4.780309E-4	6.996586E-3	99.870500	5811940.000000	5811969.000000	-29.000000
968.711000	968.883202	4.785558E-4	7.072523E-3	99.803800	5815652.000000	5815682.000000	-30.000000
968.714000	968.885469	4.778275E-4	7.201494E-3	99.792700	5819351.000000	5819383.000000	-32.000000
968.717000	968.887815	4.782959E-4	7.305918E-3	99.748300	5823048.000000	5823080.000000	-32.000000
968.718000	968.890316	4.787890E-4	7.346829E-3	99.921200	5826747.000000	5826776.000000	-29.000000
968.721000	968.892818	4.796688E-4	7.460913E-3	99.995200	5830442.000000	5830472.000000	-30.000000
968.724000	968.895242	4.805311E-4	7.594575E-3	100.017600	5834143.000000	5834173.000000	-30.000000
968.726000	968.897743	4.806422E-4	7.675120E-3	100.026900	5837779.000000	5837860.000000	-81.000000
968.728000	968.900245	4.805332E-4	7.759551E-3	99.891000	5841534.000000	5841565.000000	-31.000000
968.730000	968.902746	4.799612E-4	7.805886E-3	99.846600	5845083.000000	5845147.000000	-64.000000
968.732000	968.905170	4.794912E-4	7.870602E-3	100.022200	5848684.000000	5848750.000000	-66.000000
968.734000	968.907671	4.793970E-4	7.923523E-3	100.075200	5852434.000000	5852463.000000	-29.000000
968.737000	968.910095	4.794077E-4	8.005649E-3	100.011200	5856037.000000	5856065.000000	-28.000000
968.740000	968.912518	4.794868E-4	8.073173E-3	100.017500	5859732.000000	5859761.000000	-29.000000
968.741000	968.914942	4.801282E-4	8.107831E-3	99.918700	5863429.000000	5863459.000000	-30.000000
968.743000	968.917365	4.800140E-4	8.158149E-3	99.985800	5867140.000000	5867170.000000	-30.000000
968.745000	968.919788	4.795279E-4	8.207171E-3	100.081600	5870840.000000	5870869.000000	-29.000000
968.747000	968.922290	3.991784E-4	8.244780E-3	99.968300	5874435.000000	5874463.000000	-28.000000
968.751000	968.920726	4.796856E-4	8.361056E-3	99.963900	5934822.000000	5934852.000000	-30.000000
968.756000	968.923150	4.801441E-4	8.423846E-3	100.020200	5938519.000000	5938549.000000	-30.000000
968.760000	968.925495	4.805310E-4	8.500497E-3	99.944800	5942212.000000	5942244.000000	-32.000000
968.761000	968.927918	4.810857E-4	8.522948E-3	100.039600	5945914.000000	5945945.000000	-31.000000
968.763000	968.930342	4.805514E-4	8.575837E-3	99.897800	5949610.000000	5949639.000000	-29.000000
968.764000	968.932843	4.803986E-4	8.593685E-3	99.891400	5953327.000000	5953357.000000	-30.000000
968.768000	968.935345	4.785965E-4	8.641415E-3	99.995400	5956868.000000	5956933.000000	-65.000000
968.770000	968.937768	4.782065E-4	8.669268E-3	100.044300	5960621.000000	5960650.000000	-29.000000
968.771000	968.940269	4.780715E-4	8.696016E-3	99.954100	5964320.000000	5964350.000000	-30.000000
968.773000	968.942771	4.779582E-4	8.734016E-3	100.037400	5967960.000000	5968032.000000	-72.000000
968.774000	968.945194	4.776952E-4	8.769570E-3	100.030100	5971712.000000	5971741.000000	-29.000000
968.775000	968.947617	4.774256E-4	8.798668E-3	99.970900	5975411.000000	5975440.000000	-29.000000
968.778000	968.950041	4.765244E-4	8.825093E-3	99.820900	5979107.000000	5979137.000000	-30.000000
968.780000	968.952464	4.751131E-4	8.843278E-3	99.949300	5982805.000000	5982837.000000	-32.000000
968.781000	968.954887	4.747596E-4	8.854722E-3	99.882600	5986504.000000	5986534.000000	-30.000000
968.783000	968.957232	4.730205E-4	8.859983E-3	99.983600	5990216.000000	5990245.000000	-29.000000
968.784000	968.959655	4.728538E-4	8.875421E-3	99.925300	5993859.000000	5993922.000000	-63.000000
968.786000	968.962001	4.720608E-4	8.897099E-3	99.849900	5997608.000000	5997637.000000	-29.000000
968.788000	968.964424	4.717834E-4	8.929294E-3	99.865900	6001310.000000	6001339.000000	-29.000000
968.790000	968.966847	4.718064E-4	8.971604E-3	99.995400	6005005.000000	6005034.000000	-29.000000
968.794000	968.969192	4.718550E-4	9.017754E-3	99.980400	6008703.000000	6008734.000000	-31.000000
968.798000	968.971615	4.717126E-4	9.069630E-3	100.109400	6012399.000000	6012428.000000	-29.000000
968.798000	968.974038	4.723876E-4	9.092464E-3	100.154700	6016100.000000	6016130.000000	-30.000000
968.801000	968.976462	4.721529E-4	9.125541E-3	100.167900	6019802.000000	6019832.000000	-30.000000
968.806000	968.976149	4.840341E-4	9.444708E-3	100.063100	3547048.000000	3547077.000000	-29.000000
968.810000	968.978572	4.846233E-4	9.498763E-3	100.002200	3550742.000000	3550772.000000	-30.000000
968.812000	968.980995	4.846936E-4	9.521709E-3	99.948400	3554438.000000	3554467.000000	-29.000000
968.815000	968.983496	4.840639E-4	9.542482E-3	100.092000	3558151.000000	3558178.000000	-27.000000
968.816000	968.985920	4.843448E-4	9.556921E-3	100.209400	3561852.000000	3561881.000000	-29.000000
968.818000	968.988343	4.837096E-4	9.568912E-3	100.228000	3565549.000000	3565578.000000	-29.000000
968.820000	968.990766	4.836797E-4	9.596383E-3	100.123000	3569249.000000	3569278.000000	-29.000000
968.823000	968.993189	4.840236E-4	9.631632E-3	100.136400	3572946.000000	3572975.000000	-29.000000
968.825000	968.995534	4.845874E-4	9.662918E-3	100.096300	3576641.000000	3576671.000000	-30.000000
968.826000	968.997957	4.849784E-4	9.679003E-3	100.189100	3580336.000000	3580364.000000	-28.000000
968.827000	969.000380	4.853745E-4	9.692687E-3	100.012600	3583964.000000	3584038.000000	-74.000000
968.830000	969.002569	4.849158E-4	9.709221E-3	100.037300	3587635.000000	3587663.000000	-28.000000
968.832000	969.005070	4.848162E-4	9.720564E-3	99.940000	3591336.000000	3591363.000000	-27.000000
968.835000	969.007493	4.841434E-4	9.730931E-3	99.877700	3595036.000000	3595067.000000	-31.000000
968.836000	969.009760	4.845317E-4	9.753863E-3	99.855800	3598667.000000	3598739.000000	-72.000000
968.838000	969.012183	1.964280E-1	9.779025E-3	99.841100	3602334.000000	3602363.000000	-29.000000
968.841000	969.014528	4.857833E-4	9.814489E-3	99.829300	3606040.000000	3606069.000000	-29.000000
968.841000	969.016951	4.863712E-4	9.831801E-3	99.968200	3609739.000000	3609767.000000	-28.000000
968.845000	969.019374	4.863967E-4	9.852789E-3	99.957900	3613440.000000	3613468.000000	-28.000000
968.846000	969.021797	4.866789E-4	9.867330E-3	100.070900	3617136.000000	3617167.000000	-31.000000
968.850000	969.024220	4.853175E-4	9.861673E-3	99.924300	3620834.000000	3620862.000000	-28.000000
968.850000	969.026721	4.851580E-4	9.867401E-3	99.892400	3624530.000000	3624557.000000	-27.000000
968.852000	969.029144	4.845330E-4	9.870050E-3	99.853700	3628225.000000	3628257.000000	-32.000000
968.853000	969.031567	4.848851E-4	9.885072E-3	99.902300	3631923.000000	3631952.000000	-29.000000
968.855000	969.034068	4.849202E-4	9.900785E-3	99.926800	3635638.000000	3635669.000000	-31.000000
968.857000	969.036491	4.851834E-4	9.913946E-3	99.912200	3639335.000000	3639367.000000	-32.000000
968.859000	969.038914	4.850044E-4	9.923386E-3	99.877500	3643032.000000	3643061.000000	-29.000000
968.862000	969.041337	4.843922E-4	9.921045E-3	100.025000	3646730.000000	3646760.000000	-30.000000
968.864000	969.043760	4.838546E-4	9.918283E-3	100.154500	3650348.000000	3650418.000000	-70.000000
968.865000	969.046261	4.837306E-4	9.920027E-3	100.118300	3654029.000000	3654054.000000	-25.000000
968.868000	969.036882	4.858251E-4	9.974404E-3	99.987200	3963063.000000	3963095.000000	-32.000000
968.871000	969.039070	4.853028E-4	9.975589E-3	99.919300	3966758.000000	3966789.000000	-31.000000
968.872000	969.041571	4.859010E-4	9.993386E-3	99.879500	3970386.000000	3970446.000000	-60.000000
968.876000	969.043916	4.863019E-4	1.001242E-2	99.927000	3974055.000000	3974097.000000	-42.000000
968.879000	969.046339	4.872600E-4	1.004088E-2	100.001100	3977753.000000	3977780.000000	-27.000000
968.880000	969.048762	4.871940E-4	1.004357E-2	99.892100	3981448.000000	3981478.000000	-30.000000
968.883000	969.051185	4.870216E-4	1.004743E-2	99.931500	3985082.000000	3985152.000000	-70.000000
968.885000	969.053607	4.872756E-4	1.005907E-2	99.898200	3988748.000000	3988778.000000	-30.000000
968.888000	969.056030	4.875665E-4	1.007087E-2	100.079700	3992442.000000	3992470.000000	-28.000000
968.890000	969.058453	4.885707E-4	1.009578E-2	100.072300	3996142.000000	3996172.000000	-30.000000
968.892000	969.060876	4.894565E-4	1.011926E-2	100.161200	3999855.000000	3999884.000000	-29.000000
968.894000	969.063377	4.897508E-4	1.012870E-2	100.206800	4003468.000000	4003551.000000	-83.000000
968.896000	969.065800	4.897846E-4	1.013252E-2	100.148500	4007153.000000	4007100.000000	53.000000
968.899000	969.068223	8.003912E-1	1.012284E-2	100.068800	4010741.000000	4010768.000000	-27.000000
968.902000	969.070646	4.879533E-4	1.010467E-2	100.119500	4014445.000000	4014472.000000	-27.000000
968.903000	969.072990	4.880814E-4	1.010916E-2	100.000500	4018152.000000	4018181.000000	-29.000000
968.905000	969.075413	4.875448E-4	1.010347E-2	100.054800	4021848.000000	4021877.000000	-29.000000
968.905000	969.077914	4.881860E-4	1.011779E-2	100.067400	4025544.000000	4025573.000000	-29.000000
968.908000	969.080337	4.882982E-4	1.012658E-2	100.013200	4029241.000000	4029271.000000	-30.000000
968.910000	969.082760	4.887054E-4	1.014071E-2	100.117600	4032866.000000	4032939.000000	-73.000000
968.912000	969.085182	4.887170E-4	1.014617E-2	100.138700	4036542.000000	4036572.000000	-30.000000
968.915000	969.087605	4.884575E-4	1.015015E-2	100.091900	4040242.000000	4040273.000000	-31.000000
968.918000	969.089950	4.880088E-4	1.014879E-2	100.151400	4043935.000000	4043958.000000	-23.000000
968.919000	969.092372	4.879961E-4	1.015334E-2	100.039100	4047633.000000	4047662.000000	-29.000000
968.920000	969.094873	4.880341E-4	1.015950E-2	100.011700	4051335.000000	4051364.000000	-29.000000
968.922000	969.097296	4.880288E-4	1.017051E-2	99.898700	4055043.000000	4055072.000000	-29.000000
968.924000	969.099719	1.207309E-1	1.019651E-2	100.016900	4058634.000000	4058663.000000	-29.000000
968.925000	969.102141	4.890552E-4	1.021748E-2	100.129800	4062342.000000	4062371.000000	-29.000000
968.928000	969.104564	4.892787E-4	1.023584E-2	100.039700	4066039.000000	4066070.000000	-31.000000
968.929000	969.106987	4.891520E-4	1.024327E-2	99.889300	4069736.000000	4069765.000000	-29.000000
968.931000	969.109488	4.887974E-4	1.024447E-2	99.901900	4073432.000000	4073462.000000	-30.000000
968.933000	969.111910	4.880128E-4	1.024082E-2	99.997400	4077129.000000	4077158.000000	-29.000000
968.935000	969.114333	4.869399E-4	1.023439E-2	100.059900	4080826.000000	4080854.000000	-28.000000
968.937000	969.116756	4.864519E-4	1.024015E-2	100.151400	4084527.000000	4084555.000000	-28.000000
968.938000	969.119178	4.866248E-4	1.024919E-2	100.074200	4088221.000000	4088249.000000	-28.000000
968.941000	969.121601	4.864931E-4	1.026103E-2	100.053600	4091936.000000	4091965.000000	-29.000000
968.941000	969.124024	4.868519E-4	1.027222E-2	100.057100	4095628.000000	4095650.000000	-22.000000
968.944000	969.126368	4.866986E-4	1.028326E-2	100.036200	4099330.000000	4099360.000000	-30.000000
968.946000	969.128713	4.862067E-4	1.028628E-2	99.923600	4102932.000000	4102959.000000	-27.000000
968.948000	969.131135	4.851607E-4	1.539022E+1	99.990800	4106628.000000	4106659.000000	-31.000000
968.950000	969.133480	4.841074E-4	1.027245E-2	99.862200	4110256.000000	4110320.000000	-64.000000
968.953000	969.135824	4.835168E-4	1.027473E-2	99.974500	4113926.000000	4113957.000000	-31.000000
968.955000	969.138247	4.839315E-4	1.029323E-2	99.953600	4117623.000000	4117654.000000	-31.000000
968.956000	969.140591	4.845259E-4	1.031213E-2	100.080800	4121324.000000	4121351.000000	-27.000000
968.958000	969.143014	4.854607E-4	1.034673E-2	99.975300	4125016.000000	4125045.000000	-29.000000
968.960000	969.145436	4.864202E-4	1.037947E-2	99.868800	4128621.000000	4128651.000000	-30.000000
968.963000	969.147859	4.874206E-4	1.041606E-2	99.813200	4132316.000000	4132345.000000	-29.000000
968.966000	969.150281	4.875530E-4	1.043372E-2	100.041300	4136014.000000	4136044.000000	-30.000000
968.968000	969.152782	4.879232E-4	1.045311E-2	100.142700	4139709.000000	4139737.000000	-28.000000
968.968000	969.155283	4.880238E-4	1.045803E-2	100.156800	4143417.000000	4143446.000000	-29.000000
968.971000	969.157705	4.878994E-4	1.046438E-2	99.993600	4147123.000000	4147150.000000	-27.000000
968.973000	969.160128	4.878499E-4	1.047462E-2	100.033800	4150824.000000	4150853.000000	-29.000000
968.976000	969.162550	4.883635E-4	1.050441E-2	100.090900	4154438.000000	4154515.000000	-77.000000
968.978000	969.164973	4.888447E-4	1.052034E-2	100.160900	4158213.000000	4158243.000000	-30.000000
968.979000	969.167395	4.892259E-4	1.053241E-2	100.006100	4161911.000000	4161938.000000	-27.000000
968.980000	969.169818	4.893643E-4	1.053979E-2	99.924100	4165607.000000	4165637.000000	-30.000000
968.982000	969.172240	4.888275E-4	1.053656E-2	99.868200	4169306.000000	4169336.000000	-30.000000
968.984000	969.174662	4.884593E-4	1.053526E-2	100.062700	4173002.000000	4173032.000000	-30.000000
968.987000	969.177085	4.869232E-4	1.051273E-2	99.957500	4176718.000000	4176749.000000	-31.000000
968.988000	969.179507	4.871212E-4	1.052276E-2	99.904900	4180413.000000	4180444.000000	-31.000000
968.991000	969.181930	4.868355E-4	1.052651E-2	99.876500	4184112.000000	4184140.000000	-28.000000
968.994000	969.184274	4.876288E-4	1.054910E-2	100.046000	4187809.000000	4187840.000000	-31.000000
968.994000	969.186696	4.881941E-4	1.056383E-2	100.109900	4191507.000000	4191538.000000	-31.000000
968.996000	969.189041	4.878387E-4	1.056904E-2	100.077000	4195204.000000	4195231.000000	-27.000000
968.997000	969.191541	4.881712E-4	1.058304E-2	99.950700	4198899.000000	4198929.000000	-30.000000
969.000000	969.193885	4.868868E-4	1.056416E-2	99.899500	4202597.000000	4202627.000000	-30.000000
969.001000	969.196308	4.870069E-4	1.057144E-2	99.844300	4206308.000000	4206335.000000	-27.000000
969.005000	969.198496	4.865470E-4	1.057091E-2	100.053200	4210007.000000	4210037.000000	-30.000000
969.005000	969.200918	4.871594E-4	1.058516E-2	99.973400	4213707.000000	4213738.000000	-31.000000
969.008000	969.203340	4.875252E-4	1.059923E-2	100.001900	4217403.000000	4217433.000000	-30.000000
969.010000	969.205763	4.874767E-4	1.060449E-2	100.032200	4221029.000000	4221094.000000	-65.000000
969.012000	969.208185	4.875493E-4	1.061034E-2	100.120800	4224702.000000	4224730.000000	-28.000000
969.014000	969.210607	4.869658E-4	4.084821E-1	100.050500	4228400.000000	4228430.000000	-30.000000
969.016000	969.213030	4.865323E-4	4.084770E-1	100.019600	4232096.000000	4232123.000000	-27.000000
969.017000	969.215452	4.864005E-4	1.059372E-2	100.028900	4235790.000000	4235819.000000	-29.000000
969.017000	969.217874	4.866572E-4	1.060034E-2	100.040900	4239487.000000	4239516.000000	-29.000000
969.020000	969.220218	4.847665E-4	1.056417E-2	100.069600	4243194.000000	4243221.000000	-27.000000
969.022000	969.222641	4.844689E-4	1.055958E-2	100.062200	4246899.000000	4246925.000000	-26.000000
969.025000	969.224985	4.839185E-4	1.055216E-2	99.954500	4250595.000000	4250621.000000	-26.000000
969.026000	969.227329	4.839756E-4	1.055534E-2	99.980600	4254295.000000	4254324.000000	-29.000000
969.028000	969.229751	4.836482E-4	1.055175E-2	99.988600	4257994.000000	4258018.000000	-24.000000
969.031000	969.232174	4.829529E-4	1.054047E-2	99.888400	4261691.000000	4261720.000000	-29.000000
969.031000	969.234674	4.835293E-4	1.055363E-2	99.890000	4265386.000000	4265417.000000	-31.000000
969.034000	969.237096	4.826486E-4	1.053787E-2	100.042700	4269085.000000	4269114.000000	-29.000000
969.035000	969.239596	4.827628E-4	1.054208E-2	99.933800	4272781.000000	4272811.000000	-30.000000
969.039000	969.241941	4.827086E-4	1.054590E-2	100.004700	4276495.000000	4276525.000000	-30.000000
969.041000	969.244363	4.835300E-4	1.056564E-2	99.990600	4280190.000000	4280221.000000	-31.000000
969.044000	969.246785	4.848282E-4	1.059921E-2	99.936000	4283816.000000	4283885.000000	-69.000000
969.044000	969.249285	4.855301E-4	1.061469E-2	100.005100	4287492.000000	4287523.000000	-31.000000
969.047000	969.251707	4.864525E-4	1.063823E-2	100.088000	4291189.000000	4291218.000000	-29.000000
969.048000	969.254130	4.871075E-4	1.065474E-2	99.942600	4294886.000000	4294916.000000	-30.000000
969.051000	969.256552	4.870618E-4	1.065889E-2	100.067200	4298506.000000	4298587.000000	-81.000000
969.053000	969.258896	4.864123E-4	1.064752E-2	99.926400	4302182.000000	4302209.000000	-27.000000
969.055000	969.261083	4.863384E-4	1.064840E-2	100.073900	4305811.000000	4305877.000000	-66.000000
969.056000	969.263506	4.864187E-4	1.065160E-2	100.015700	4309484.000000	4309514.000000	-30.000000
969.057000	969.266006	4.866197E-4	1.065879E-2	100.089200	4313176.000000	4313203.000000	-27.000000
969.060000	969.268428	4.865436E-4	1.066235E-2	100.050700	4316810.000000	4316878.000000	-68.000000
969.062000	969.270850	4.869365E-4	1.067290E-2	99.975800	4320475.000000	4320507.000000	-32.000000
969.064000	969.273272	4.867583E-4	1.067303E-2	100.075900	4324172.000000	4324201.000000	-29.000000
969.066000	969.275694	4.867180E-4	1.067525E-2	99.986800	4327874.000000	4327901.000000	-27.000000
969.068000	969.278116	4.862101E-4	1.066780E-2	100.033600	4331564.000000	4331594.000000	-30.000000
969.069000	969.280538	4.855994E-4	1.065744E-2	99.984000	4335277.000000	4335308.000000	-31.000000
969.070000	969.282960	4.856331E-4	1.065995E-2	100.117100	4338978.000000	4339008.000000	-30.000000
969.072000	969.285461	4.852112E-4	1.065384E-2	100.032400	4342679.000000	4342708.000000	-29.000000
969.075000	969.287804	4.855077E-4	1.066387E-2	100.053700	4346373.000000	4346402.000000	-29.000000
969.077000	969.290227	4.862791E-4	1.068372E-2	100.124400	4350068.000000	4350096.000000	-28.000000
969.079000	969.292649	4.869547E-4	1.069952E-2	100.074300	4353768.000000	4353798.000000	-30.000000
969.081000	969.295149	4.871493E-4	1.070658E-2	100.083800	4357466.000000	4357494.000000	-28.000000
969.082000	969.297649	4.872228E-4	1.071007E-2	99.961100	4361164.000000	4361194.000000	-30.000000
969.085000	969.300071	4.863799E-4	1.069443E-2	100.035600	4364862.000000	4364889.000000	-27.000000
969.087000	969.302493	4.860958E-4	1.069039E-2	100.032400	4368575.000000	4368607.000000	-32.000000
969.090000	969.304837	4.855951E-4	1.068153E-2	100.125100	4372271.000000	4372302.000000	-31.000000
969.091000	969.307259	4.859796E-4	1.069143E-2	99.973300	4375968.000000	4375997.000000	-29.000000
969.093000	969.309681	4.859640E-4	1.069264E-2	100.052500	4379667.000000	4379696.000000	-29.000000
969.094000	969.312103	4.861921E-4	1.069857E-2	99.922400	4383365.000000	4383393.000000	-28.000000
969.094000	969.314524	4.865864E-4	1.070792E-2	100.020000	4387060.000000	4387089.000000	-29.000000
969.097000	969.316868	4.864869E-4	1.070778E-2	100.131800	4390754.000000	4390785.000000	-31.000000
969.098000	969.319134	4.860715E-4	1.070056E-2	100.165800	4394457.000000	4394483.000000	-26.000000
969.101000	969.321478	4.846095E-4	1.067126E-2	99.985100	4398166.000000	4398196.000000	-30.000000
969.102000	969.323822	4.843465E-4	1.066667E-2	99.855100	4401863.000000	4401894.000000	-31.000000
969.105000	969.326243	4.830712E-4	1.064089E-2	99.862300	4405562.000000	4405592.000000	-30.000000
969.107000	969.328665	4.825863E-4	1.063211E-2	99.875500	4409263.000000	4409291.000000	-28.000000
969.108000	969.331165	4.828548E-4	1.063851E-2	99.837400	4412956.000000	4412986.000000	-30.000000
969.111000	969.333587	4.824297E-4	1.063231E-2	99.868900	4416657.000000	4416687.000000	-30.000000
969.112000	969.336009	4.831785E-4	1.064888E-2	100.045800	4420352.000000	4420379.000000	-27.000000
969.115000	969.338275	4.830951E-4	1.065085E-2	100.079300	4424049.000000	4424079.000000	-30.000000
969.117000	969.340697	4.833418E-4	1.065801E-2	100.069800	4427758.000000	4427788.000000	-30.000000
969.119000	969.343118	4.833430E-4	1.065968E-2	100.001500	4431460.000000	4431487.000000	-27.000000
969.120000	969.345540	4.838292E-4	1.067227E-2	100.106900	4435080.000000	4435163.000000	-83.000000
969.122000	969.348040	4.839631E-4	1.067787E-2	100.025000	4438778.000000	4438854.000000	-76.000000
969.125000	969.350462	4.844149E-4	1.068896E-2	100.104300	4442550.000000	4442575.000000	-25.000000
969.128000	969.352884	4.856430E-4	1.071835E-2	100.091500	4446247.000000	4446276.000000	-29.000000
969.130000	969.355306	4.868387E-4	1.074610E-2	100.173300	4449942.000000	4449973.000000	-31.000000
969.130000	969.357727	4.875245E-4	1.076112E-2	100.196700	4453642.000000	4453673.000000	-31.000000
969.132000	969.360149	4.881314E-4	1.077862E-2	100.038300	4457273.000000	4457341.000000	-68.000000
969.133000	969.362649	4.885751E-4	1.078906E-2	99.939800	4460941.000000	4460970.000000	-29.000000
969.135000	969.365071	4.882164E-4	1.078373E-2	99.883800	4464639.000000	4464668.000000	-29.000000
969.139000	969.367414	4.872918E-4	1.076647E-2	100.044900	4468351.000000	4468380.000000	-29.000000
969.141000	969.369836	4.869315E-4	1.076055E-2	100.049400	4472048.000000	4472075.000000	-27.000000
969.144000	969.372023	4.868025E-4	1.076158E-2	100.082100	4475745.000000	4475773.000000	-28.000000
969.146000	969.374289	4.870599E-4	1.077143E-2	100.002600	4479443.000000	4479473.000000	-30.000000
969.146000	969.376711	4.877077E-4	1.078543E-2	99.930400	4483140.000000	4483171.000000	-31.000000
969.148000	969.379132	4.875204E-4	4.086273E-1	100.019000	4486838.000000	4486865.000000	-27.000000
969.149000	969.381632	4.877236E-4	1.079115E-2	100.004100	4490534.000000	4490562.000000	-28.000000
969.154000	969.383976	4.863383E-4	1.076554E-2	100.072900	4494234.000000	4494259.000000	-25.000000
969.155000	969.386319	4.861414E-4	1.076347E-2	100.135200	4497945.000000	4497975.000000	-30.000000
969.157000	969.388741	4.863667E-4	1.077146E-2	100.089000	4501643.000000	4501672.000000	-29.000000
969.158000	969.391163	4.867777E-4	1.078154E-2	100.098100	4505337.000000	4505367.000000	-30.000000
969.159000	969.393662	4.870280E-4	1.078984E-2	99.964000	4509037.000000	4509067.000000	-30.000000
969.163000	969.396084	4.876641E-4	1.080833E-2	99.902100	4512737.000000	4512767.000000	-30.000000
969.164000	969.398506	4.880328E-4	1.081909E-2	99.999200	4516430.000000	4516459.000000	-29.000000
969.166000	969.400849	4.881216E-4	1.082569E-2	99.901800	4520064.000000	4520136.000000	-72.000000



