967.983000	968.132357	5.118307E-4	1.104287E-2	125.043600	10784043.000000	10784074.000000	-31.000000
967.984000	968.134783	5.114473E-4	6.860827E+0	124.975400	10787741.000000	10787771.000000	-30.000000
967.985000	968.137131	5.112657E-4	1.102613E-2	125.039500	10791438.000000	10791465.000000	-27.000000
967.986000	968.139557	5.110107E-4	1.101806E-2	124.972800	10795138.000000	10795166.000000	-28.000000
967.987000	968.141983	5.107667E-4	1.101192E-2	125.009200	10798833.000000	10798861.000000	-28.000000
967.989000	968.144409	5.107155E-4	1.100820E-2	125.010600	10802535.000000	10802564.000000	-29.000000
967.991000	968.146836	5.108079E-4	1.100394E-2	125.064300	10806225.000000	10806254.000000	-29.000000
967.993000	968.149262	5.111814E-4	1.100537E-2	125.092300	10809928.000000	10809957.000000	-29.000000
967.993000	968.151688	5.113437E-4	1.100804E-2	125.052500	10813639.000000	10813669.000000	-30.000000
967.995000	968.154192	5.891045E-4	1.100621E-2	124.992600	10817224.000000	10817252.000000	-28.000000
967.997000	968.156618	5.115001E-4	1.100372E-2	125.063600	10820938.000000	10820967.000000	-29.000000
967.999000	968.159123	5.113901E-4	1.099665E-2	124.972200	10824633.000000	10824664.000000	-31.000000
968.001000	968.161549	5.107513E-4	1.097882E-2	125.073000	10828329.000000	10828358.000000	-29.000000
968.003000	968.163975	5.092592E-4	1.094669E-2	124.957900	10832030.000000	10832059.000000	-29.000000
968.006000	968.166401	5.095298E-4	1.094137E-2	125.055600	10835725.000000	10835756.000000	-31.000000
968.008000	968.168749	5.101409E-4	1.095058E-2	124.941200	10839424.000000	10839452.000000	-28.000000
968.009000	968.171175	5.102544E-4	1.094978E-2	125.022400	10843124.000000	10843152.000000	-28.000000
968.011000	968.173601	5.109845E-4	1.096116E-2	124.969400	10846816.000000	10846846.000000	-30.000000
968.015000	968.176027	5.110070E-4	1.095609E-2	125.014200	10850529.000000	10850560.000000	-31.000000
968.017000	968.178375	5.106180E-4	1.094522E-2	124.998600	10854224.000000	10854250.000000	-26.000000
968.021000	968.180879	5.097886E-4	1.092189E-2	124.985200	10857927.000000	10857958.000000	-31.000000
968.023000	968.183305	5.095757E-4	1.091434E-2	125.094900	10861624.000000	10861653.000000	-29.000000
968.025000	968.185810	5.097441E-4	1.091361E-2	124.985700	10865320.000000	10865344.000000	-24.000000
968.027000	968.188236	5.099273E-4	1.091500E-2	125.036000	10868922.000000	10868953.000000	-31.000000
968.030000	968.190662	5.099104E-4	1.091108E-2	124.950300	10872621.000000	10872647.000000	-26.000000
968.032000	968.193088	5.092624E-4	1.089315E-2	124.983200	10876320.000000	10876350.000000	-30.000000
968.034000	968.195514	5.087771E-4	1.088097E-2	124.994400	10880014.000000	10880042.000000	-28.000000
968.036000	968.198018	5.079262E-4	1.086110E-2	124.959500	10883714.000000	10883743.000000	-29.000000
968.039000	968.200444	5.066155E-4	1.082702E-2	125.054200	10887412.000000	10887439.000000	-27.000000
968.041000	968.202948	5.061138E-4	1.081592E-2	125.019300	10890999.000000	10891068.000000	-69.000000
968.043000	968.205374	5.061285E-4	1.081102E-2	125.035200	10894708.000000	10894736.000000	-28.000000
968.045000	968.207800	5.064626E-4	1.081506E-2	125.071300	10898420.000000	10898449.000000	-29.000000
968.050000	968.210226	5.068183E-4	1.082021E-2	125.065400	10902115.000000	10902143.000000	-28.000000
968.053000	968.212574	5.066832E-4	1.081396E-2	125.003600	10905816.000000	10905843.000000	-27.000000
968.054000	968.215000	5.064546E-4	1.080654E-2	125.025000	10909511.000000	10909541.000000	-30.000000
968.057000	968.217425	5.063089E-4	1.079919E-2	125.062100	10913210.000000	10913237.000000	-27.000000
968.059000	968.219851	5.060591E-4	1.079163E-2	124.960500	10916909.000000	10916939.000000	-30.000000
968.061000	968.222199	5.062815E-4	1.079080E-2	125.065800	10920604.000000	10920634.000000	-30.000000
968.063000	968.224625	5.074950E-4	1.081466E-2	125.006300	10924299.000000	10924328.000000	-29.000000
968.065000	968.227051	5.080780E-4	1.082432E-2	125.073500	10927902.000000	10927927.000000	-25.000000
968.067000	968.229555	5.087893E-4	1.083548E-2	124.974700	10931483.000000	10931565.000000	-82.000000
968.069000	968.232059	5.089639E-4	1.083641E-2	124.993900	10935196.000000	10935226.000000	-30.000000
968.071000	968.234485	5.087872E-4	1.082821E-2	125.008800	10938797.000000	10938824.000000	-27.000000
968.075000	968.228772	5.077850E-4	1.079898E-2	124.979900	10971102.000000	10971132.000000	-30.000000
968.077000	968.231276	5.077707E-4	1.079521E-2	124.950000	10974802.000000	10974827.000000	-25.000000
968.078000	968.233702	5.075929E-4	1.079186E-2	124.945900	10978400.000000	10978428.000000	-28.000000
968.080000	968.236128	5.082923E-4	1.080049E-2	125.055000	10982100.000000	10982129.000000	-29.000000
968.082000	968.238632	5.081658E-4	1.079221E-2	124.984700	10985795.000000	10985823.000000	-28.000000
968.084000	968.241058	5.080011E-4	1.078486E-2	125.021100	10989493.000000	10989520.000000	-27.000000
968.087000	968.243484	5.071298E-4	1.076212E-2	125.088500	10993191.000000	10993219.000000	-28.000000
968.090000	968.245910	5.063645E-4	1.074132E-2	125.034900	10996791.000000	10996819.000000	-28.000000
968.092000	968.248335	5.058884E-4	1.072863E-2	125.013200	11000392.000000	11000420.000000	-28.000000
968.094000	968.250761	5.060034E-4	1.072681E-2	125.080900	11003969.000000	11004046.000000	-77.000000
968.096000	968.253265	5.067079E-4	1.073728E-2	125.061300	11007690.000000	11007716.000000	-26.000000
968.099000	968.255613	5.073286E-4	1.074463E-2	124.969000	11011388.000000	11011418.000000	-30.000000
968.101000	968.258039	5.073782E-4	1.484606E+2	125.009800	11015087.000000	11015116.000000	-29.000000
968.104000	968.260543	5.065845E-4	4.014576E+0	124.977400	11018781.000000	11018811.000000	-30.000000
968.106000	968.263047	5.061101E-4	1.070672E-2	124.972300	11022385.000000	11022412.000000	-27.000000
968.108000	968.265551	5.054233E-4	1.068876E-2	125.023100	11025976.000000	11026046.000000	-70.000000
968.111000	968.268055	5.050849E-4	1.067629E-2	124.962300	11029682.000000	11029710.000000	-28.000000
968.113000	968.270559	5.051820E-4	1.067082E-2	125.053600	11033381.000000	11033409.000000	-28.000000
968.113000	968.270559	5.046613E-4	1.066137E-2	124.952700	11035878.000000	11035908.000000	-30.000000
968.115000	968.273063	5.051779E-4	1.066895E-2	125.025900	11039583.000000	11039612.000000	-29.000000
968.117000	968.275410	5.048455E-4	1.065709E-2	125.050500	11043287.000000	11043315.000000	-28.000000
968.118000	968.277836	6.826346E-2	1.064316E-2	125.071500	11046878.000000	11046906.000000	-28.000000
968.121000	968.280183	5.033485E-4	1.061588E-2	125.023900	11050585.000000	11050613.000000	-28.000000
968.124000	968.282609	5.019533E-4	1.058123E-2	125.064800	11054160.000000	11054232.000000	-72.000000
968.126000	968.285034	5.011180E-4	1.055789E-2	125.093900	11057883.000000	11057915.000000	-32.000000
968.128000	968.287460	5.008329E-4	1.054652E-2	124.995700	11061581.000000	11061607.000000	-26.000000
968.130000	968.289729	5.008612E-4	1.054087E-2	125.068000	11065277.000000	11065304.000000	-27.000000
968.132000	968.292155	5.013075E-4	9.022436E+0	125.054300	11068974.000000	11069003.000000	-29.000000
968.133000	968.294659	5.012511E-4	1.630432E+0	125.028700	11072577.000000	11072606.000000	-29.000000
968.136000	968.297006	5.010157E-4	1.052751E-2	125.063900	11076179.000000	11076205.000000	-26.000000
968.138000	968.299354	5.012963E-4	1.052881E-2	124.983500	11079872.000000	11079900.000000	-28.000000
968.140000	968.301779	5.005886E-4	1.050589E-2	125.065300	11083573.000000	11083604.000000	-31.000000
968.142000	968.304283	5.002891E-4	1.049449E-2	125.024300	11087174.000000	11087205.000000	-31.000000
968.145000	968.306709	5.003056E-4	1.048711E-2	125.104800	11090874.000000	11090904.000000	-30.000000
968.146000	968.309134	5.005423E-4	1.048828E-2	125.016000	11094570.000000	11094599.000000	-29.000000
968.149000	968.311560	5.012996E-4	1.049687E-2	125.074000	11098266.000000	11098295.000000	-29.000000
968.150000	968.313907	5.016562E-4	1.049687E-2	125.081200	11101966.000000	11101996.000000	-30.000000
968.152000	968.316333	5.018606E-4	1.049441E-2	124.992600	11105567.000000	11105596.000000	-29.000000
968.156000	968.309995	5.018382E-4	1.048340E-2	124.936600	11165555.000000	11165584.000000	-29.000000
968.157000	968.312499	5.011194E-4	1.046258E-2	125.043500	11169256.000000	11169286.000000	-30.000000
968.159000	968.314924	5.002636E-4	1.043643E-2	124.906200	11172834.000000	11172916.000000	-82.000000
968.160000	968.317350	4.999981E-4	1.042410E-2	124.993200	11176551.000000	11176576.000000	-25.000000
968.164000	968.319775	5.001025E-4	1.041597E-2	124.988500	11180250.000000	11180280.000000	-30.000000
968.166000	968.322201	5.004805E-4	1.041565E-2	124.992500	11183855.000000	11183884.000000	-29.000000
968.168000	968.324548	5.004810E-4	1.040596E-2	125.041300	11187548.000000	11187576.000000	-28.000000
968.171000	968.326895	5.001515E-4	7.804031E+1	124.917400	11191245.000000	11191272.000000	-27.000000
968.171000	968.326895	5.001605E-4	1.039085E-2	125.016300	11193744.000000	11193773.000000	-29.000000
968.172000	968.329399	4.998286E-4	1.038065E-2	124.933000	11197335.000000	11197400.000000	-65.000000
968.175000	968.331825	4.990889E-4	1.035392E-2	124.953900	11201042.000000	11201067.000000	-25.000000
968.177000	968.334172	4.989784E-4	1.034209E-2	125.041400	11204738.000000	11204769.000000	-31.000000
968.180000	968.336519	4.994481E-4	1.034189E-2	124.999500	11208448.000000	11208476.000000	-28.000000
968.183000	968.338945	5.002037E-4	1.034660E-2	124.989800	11212149.000000	11212180.000000	-31.000000
968.185000	968.341448	5.006247E-4	1.034834E-2	124.965600	11215847.000000	11215875.000000	-28.000000
968.186000	968.343952	5.006981E-4	1.034174E-2	124.973100	11219544.000000	11219574.000000	-30.000000
968.188000	968.346456	5.002757E-4	1.032310E-2	125.018700	11223242.000000	11223271.000000	-29.000000
968.191000	968.348881	4.993189E-4	1.029311E-2	124.946100	11226938.000000	11226966.000000	-28.000000
968.193000	968.351307	4.987523E-4	1.027008E-2	125.017900	11230636.000000	11230665.000000	-29.000000
968.194000	968.353732	4.986112E-4	1.026385E-2	124.997100	11234332.000000	11234362.000000	-30.000000
968.197000	968.356157	4.985783E-4	1.025111E-2	124.949600	11238038.000000	11238067.000000	-29.000000
968.199000	968.358661	4.987103E-4	1.024791E-2	125.055600	11241746.000000	11241776.000000	-30.000000
968.201000	968.361165	4.987048E-4	1.023929E-2	124.945900	11245438.000000	11245469.000000	-31.000000
968.203000	968.363590	4.982765E-4	1.021659E-2	125.037500	11249140.000000	11249170.000000	-30.000000
968.206000	968.366094	4.976286E-4	1.019151E-2	124.932300	11252835.000000	11252866.000000	-31.000000
968.207000	968.368519	4.966896E-4	1.016248E-2	125.008400	11256534.000000	11256561.000000	-27.000000
968.210000	968.370788	4.960617E-4	1.013799E-2	125.005000	11260128.000000	11260196.000000	-68.000000
968.212000	968.373135	4.957000E-4	1.012162E-2	124.985400	11263828.000000	11263854.000000	-26.000000
968.213000	968.375560	4.957974E-4	1.011672E-2	125.057100	11267430.000000	11267460.000000	-30.000000
968.216000	968.377986	4.964298E-4	1.011899E-2	124.950900	11271129.000000	11271158.000000	-29.000000
968.219000	968.380333	4.972013E-4	1.012068E-2	125.049800	11274829.000000	11274859.000000	-30.000000
968.220000	968.382758	4.977040E-4	1.012060E-2	125.000000	11278428.000000	11278458.000000	-30.000000
968.222000	968.385183	4.975137E-4	1.010610E-2	125.040000	11282127.000000	11282156.000000	-29.000000
968.224000	968.387609	4.972150E-4	1.008869E-2	125.085600	11285716.000000	11285789.000000	-73.000000
968.226000	968.390034	4.969312E-4	1.007418E-2	124.960100	11289423.000000	11289451.000000	-28.000000
968.228000	968.392459	4.967369E-4	1.006011E-2	125.048400	11293122.000000	11293152.000000	-30.000000
968.231000	968.394885	4.974200E-4	1.006176E-2	124.949800	11296817.000000	11296846.000000	-29.000000
968.233000	968.397310	4.980478E-4	1.006232E-2	124.993100	11300530.000000	11300558.000000	-28.000000
968.234000	968.399735	4.983747E-4	1.006430E-2	125.025800	11304226.000000	11304253.000000	-27.000000
968.236000	968.402082	4.988424E-4	1.006144E-2	124.979800	11307923.000000	11307952.000000	-29.000000
968.237000	968.404507	4.987847E-4	1.005311E-2	125.047400	11311623.000000	11311653.000000	-30.000000
968.238000	968.406854	4.986158E-4	1.003920E-2	124.951100	11315321.000000	11315350.000000	-29.000000
968.240000	968.409280	4.978712E-4	1.001340E-2	125.033700	11319013.000000	11319042.000000	-29.000000
968.242000	968.411705	4.971796E-4	9.985960E-3	124.960300	11322715.000000	11322744.000000	-29.000000
968.246000	968.414052	4.967418E-4	9.961889E-3	124.950200	11326413.000000	11326442.000000	-29.000000
968.249000	968.416477	4.972467E-4	9.957727E-3	125.022700	11330016.000000	11330044.000000	-28.000000
968.251000	968.418824	4.973556E-4	9.952139E-3	124.937400	11333709.000000	11333738.000000	-29.000000
968.252000	968.421249	4.974485E-4	9.945638E-3	125.031700	11337417.000000	11337445.000000	-28.000000
968.254000	968.423674	4.974229E-4	9.935436E-3	124.908600	11341121.000000	11341149.000000	-28.000000
968.256000	968.426099	4.965968E-4	9.901046E-3	125.022200	11344704.000000	11344772.000000	-68.000000
968.258000	968.428525	4.961676E-4	9.879622E-3	125.013000	11348421.000000	11348451.000000	-30.000000
968.261000	968.430950	4.957902E-4	9.860874E-3	125.065800	11352004.000000	11352072.000000	-68.000000
968.263000	968.433453	4.957508E-4	9.846407E-3	125.087500	11355716.000000	11355741.000000	-25.000000
968.266000	968.435878	4.960932E-4	9.842078E-3	125.052200	11359310.000000	11359375.000000	-65.000000
968.268000	968.438303	4.962720E-4	9.831410E-3	125.000800	11363019.000000	11363049.000000	-30.000000
968.270000	968.440728	4.963252E-4	9.822690E-3	125.081500	11366715.000000	11366746.000000	-31.000000
968.272000	968.443075	4.958439E-4	9.796256E-3	124.943300	11370413.000000	11370441.000000	-28.000000
968.273000	968.445500	4.952795E-4	9.776920E-3	125.030800	11374109.000000	11374137.000000	-28.000000
968.274000	968.447925	4.949076E-4	9.761741E-3	124.992400	11377805.000000	11377836.000000	-31.000000
968.275000	968.450429	4.946371E-4	9.751278E-3	125.010600	11381504.000000	11381532.000000	-28.000000
968.278000	968.452854	4.940832E-4	9.724713E-3	125.006400	11385200.000000	11385228.000000	-28.000000
968.280000	968.455279	4.942773E-4	9.718996E-3	124.977200	11388897.000000	11388923.000000	-26.000000
968.283000	968.457704	4.945811E-4	9.710741E-3	125.039700	11392612.000000	11392643.000000	-31.000000
968.286000	968.460129	4.950173E-4	9.704832E-3	124.936300	11396307.000000	11396338.000000	-31.000000
968.288000	968.462554	4.949001E-4	9.688711E-3	125.040400	11399884.000000	11399959.000000	-75.000000
968.290000	968.464979	4.945004E-4	9.666159E-3	124.926600	11403607.000000	11403636.000000	-29.000000
968.291000	968.467404	4.942001E-4	9.651461E-3	124.980000	11407301.000000	11407332.000000	-31.000000
968.294000	968.469829	4.932007E-4	9.612601E-3	125.038800	11411000.000000	11411030.000000	-30.000000
968.296000	968.472254	4.930307E-4	1.286277E+0	124.942600	11414696.000000	11414728.000000	-32.000000
968.299000	968.474601	4.934534E-4	9.586312E-3	125.048800	11418397.000000	11418424.000000	-27.000000
968.301000	968.476947	4.941725E-4	9.585660E-3	124.952100	11421988.000000	11422056.000000	-68.000000
968.303000	968.479372	4.948488E-4	9.584424E-3	125.021300	11425693.000000	11425722.000000	-29.000000
968.305000	968.481876	4.951873E-4	9.577997E-3	124.997300	11429391.000000	11429419.000000	-28.000000
968.307000	968.484301	4.950642E-4	9.556849E-3	125.051300	11433087.000000	11433114.000000	-27.000000
968.309000	968.486725	4.947088E-4	9.533975E-3	125.014000	11436799.000000	11436828.000000	-29.000000
968.312000	968.489150	4.945834E-4	9.509647E-3	124.991800	11440498.000000	11440527.000000	-29.000000
968.313000	968.491575	4.944548E-4	9.495694E-3	124.997800	11444093.000000	11444158.000000	-65.000000
968.316000	968.494000	4.946914E-4	9.478730E-3	125.047100	11447797.000000	11447824.000000	-27.000000
968.317000	968.496503	4.949290E-4	9.472415E-3	124.992200	11451498.000000	11451528.000000	-30.000000
968.318000	968.498928	4.955534E-4	9.463038E-3	125.011200	11455191.000000	11455222.000000	-31.000000
968.320000	968.501353	4.959302E-4	9.457670E-3	125.077300	11458887.000000	11458914.000000	-27.000000
968.322000	968.503778	4.956589E-4	9.427583E-3	125.033000	11462588.000000	11462619.000000	-31.000000
968.325000	968.506125	4.946021E-4	9.380034E-3	124.960200	11466283.000000	11466311.000000	-28.000000
968.328000	968.508471	4.938962E-4	9.340578E-3	125.015200	11469983.000000	11470013.000000	-30.000000
968.330000	968.510662	4.939445E-4	9.322095E-3	124.959600	11473683.000000	11473710.000000	-27.000000
968.331000	968.513086	4.942434E-4	9.315729E-3	124.962300	11477391.000000	11477420.000000	-29.000000
968.333000	968.515511	4.946768E-4	9.303318E-3	125.038000	11480969.000000	11481045.000000	-76.000000
968.336000	968.517936	4.953210E-4	9.285316E-3	125.020900	11484687.000000	11484716.000000	-29.000000
968.339000	968.520361	4.955436E-4	9.262234E-3	125.027800	11488388.000000	11488416.000000	-28.000000
968.341000	968.522786	4.954498E-4	9.236000E-3	125.075900	11492084.000000	11492111.000000	-27.000000
968.345000	968.527713	4.951460E-4	9.187756E-3	125.036400	11499478.000000	11499507.000000	-29.000000
968.347000	968.530138	4.953223E-4	9.164978E-3	125.066600	11503173.000000	11503202.000000	-29.000000
968.350000	968.532563	4.958198E-4	9.120716E+0	124.969900	11506876.000000	11506905.000000	-29.000000
968.352000	968.534910	4.965235E-4	9.131879E-3	125.055200	11510572.000000	11510601.000000	-29.000000
968.353000	968.537334	4.967031E-4	4.006980E-1	124.958200	11514284.000000	11514315.000000	-31.000000
968.356000	968.539759	4.964833E-4	9.084969E-3	125.025800	11517982.000000	11518010.000000	-28.000000
968.357000	968.542184	4.963526E-4	9.068403E-3	124.988800	11521677.000000	11521706.000000	-29.000000
968.360000	968.544609	4.952420E-4	9.013496E-3	124.986200	11525374.000000	11525404.000000	-30.000000
968.361000	968.547033	4.943059E-4	8.970415E-3	125.017900	11528968.000000	11529032.000000	-64.000000
968.364000	968.549458	4.935816E-4	8.922303E-3	124.934000	11532675.000000	11532707.000000	-32.000000
968.367000	968.551883	4.934410E-4	8.893112E-3	125.043700	11536370.000000	11536398.000000	-28.000000
968.369000	968.554151	4.935870E-4	8.860814E-3	124.955500	11540068.000000	11540094.000000	-26.000000
968.372000	968.556576	4.931753E-4	8.820891E-3	125.023000	11543671.000000	11543699.000000	-28.000000
968.372000	968.559000	4.933692E-4	8.817613E-3	124.979500	11547366.000000	11547394.000000	-28.000000
968.374000	968.561347	4.929315E-4	8.774439E-3	124.953500	11551065.000000	11551094.000000	-29.000000
968.377000	968.563771	4.922105E-4	8.730039E-3	125.028500	11554657.000000	11554736.000000	-79.000000
968.379000	968.566196	4.915453E-4	8.682005E-3	124.953600	11558360.000000	11558388.000000	-28.000000
968.383000	968.568621	4.911008E-4	8.646779E-3	125.030600	11562062.000000	11562093.000000	-31.000000
968.386000	968.571045	4.913015E-4	8.612000E-3	124.947400	11565765.000000	11565791.000000	-26.000000
968.387000	968.573548	4.917773E-4	8.603922E-3	125.017100	11569470.000000	11569496.000000	-26.000000
968.390000	968.575973	4.926262E-4	8.574433E-3	125.001500	11573168.000000	11573197.000000	-29.000000
968.392000	968.578397	4.928424E-4	8.545372E-3	124.968800	11576866.000000	11576895.000000	-29.000000
968.394000	968.580744	4.922751E-4	8.490362E-3	125.062800	11580561.000000	11580588.000000	-27.000000
968.395000	968.583168	4.921306E-4	8.467117E-3	125.010100	11584252.000000	11584277.000000	-25.000000
968.397000	968.585593	4.912493E-4	8.415488E-3	124.965700	11587864.000000	11587894.000000	-30.000000
968.398000	968.588018	4.912935E-4	8.396674E-3	124.965300	11591454.000000	11591522.000000	-68.000000
968.400000	968.590364	4.913859E-4	8.361526E-3	125.036800	11595158.000000	11595186.000000	-28.000000
968.402000	968.592788	4.916712E-4	8.326925E-3	124.943900	11598856.000000	11598884.000000	-28.000000
968.404000	968.595135	4.922109E-4	8.293812E-3	125.049500	11602555.000000	11602583.000000	-28.000000
968.407000	968.597559	4.923391E-4	8.259327E-3	124.962300	11606250.000000	11606279.000000	-29.000000
968.410000	968.599984	4.919258E-4	8.200493E-3	125.032500	11609948.000000	11609975.000000	-27.000000
968.413000	968.602252	4.907889E-4	8.132856E-3	124.962800	11613662.000000	11613690.000000	-28.000000
968.414000	968.604676	4.909999E-4	8.118361E-3	124.973000	11617356.000000	11617387.000000	-31.000000
968.416000	968.607023	4.907740E-4	8.062073E-3	125.026100	11621057.000000	11621086.000000	-29.000000
968.417000	968.609447	4.909958E-4	8.050381E-3	125.001200	11624640.000000	11624721.000000	-81.000000
968.420000	968.611794	4.917064E-4	7.983878E-3	125.075700	11628356.000000	11628386.000000	-30.000000
968.422000	968.614218	4.922815E-4	7.961389E-3	125.038600	11632051.000000	11632077.000000	-26.000000
968.425000	968.616721	4.930694E-4	7.923611E-3	125.034100	11635749.000000	11635780.000000	-31.000000
968.427000	968.619145	4.933216E-4	7.895750E-3	124.994900	11639444.000000	11639473.000000	-29.000000
968.430000	968.621570	4.928207E-4	7.832181E-3	125.055600	11643145.000000	11643173.000000	-28.000000
968.431000	968.623994	4.928515E-4	7.801978E-3	124.995100	11646843.000000	11646873.000000	-30.000000
968.433000	968.626418	4.923271E-4	7.737425E-3	124.988400	11650551.000000	11650580.000000	-29.000000
968.435000	968.628843	4.929011E-4	7.697367E-3	125.068600	11654252.000000	11654282.000000	-30.000000
968.436000	968.631267	4.931315E-4	7.681967E-3	125.046500	11657948.000000	11657975.000000	-27.000000
968.438000	968.633692	4.933652E-4	7.646605E-3	125.050300	11661643.000000	11661673.000000	-30.000000
968.441000	968.636116	4.933418E-4	7.579963E-3	125.080400	11665248.000000	11665278.000000	-30.000000
968.443000	968.638541	4.930414E-4	7.532316E-3	125.033100	11668942.000000	11668970.000000	-28.000000
968.447000	968.640887	4.916927E-4	7.434496E-3	125.039200	11672640.000000	11672669.000000	-29.000000
968.449000	968.643389	4.905617E-4	7.370000E-3	125.075000	11676341.000000	11676369.000000	-28.000000
968.450000	968.645814	4.900499E-4	7.322708E-3	124.992100	11680037.000000	11680065.000000	-28.000000
968.453000	968.648082	4.892146E-4	7.228106E-3	125.071200	11683733.000000	11683762.000000	-29.000000
968.454000	968.650506	4.897521E-4	7.219156E-3	124.986100	11687437.000000	11687467.000000	-30.000000
968.456000	968.652852	4.899341E-4	7.155228E-3	124.984800	11691145.000000	11691173.000000	-28.000000
968.457000	968.655276	4.898157E-4	7.124302E-3	125.006200	11694843.000000	11694873.000000	-30.000000
968.461000	968.657623	4.887779E-4	7.017821E-3	124.930800	11698538.000000	11698569.000000	-31.000000
968.463000	968.660047	4.884623E-4	6.971606E-3	125.033400	11702236.000000	11702267.000000	-31.000000
968.465000	968.662471	4.873788E-4	6.886947E-3	124.965100	11705934.000000	11705963.000000	-29.000000
968.467000	968.664895	4.873197E-4	6.841432E-3	124.984800	11709630.000000	11709659.000000	-29.000000
968.469000	968.667320	4.870593E-4	6.767235E-3	125.033400	11713327.000000	11713356.000000	-29.000000
968.470000	968.669744	4.875184E-4	6.734928E-3	124.976400	11717026.000000	11717056.000000	-30.000000
968.472000	968.672090	4.881962E-4	6.668296E-3	125.038900	11720737.000000	11720764.000000	-27.000000
968.474000	968.674436	4.887645E-4	6.601555E-3	124.924600	11724324.000000	11724394.000000	-70.000000
968.475000	968.676860	4.890504E-4	6.584504E-3	125.000000	11728038.000000	11728067.000000	-29.000000
968.477000	968.679285	4.890965E-4	6.529321E-3	124.959300	11731731.000000	11731759.000000	-28.000000
968.478000	968.681709	4.891908E-4	6.498931E-3	124.978800	11735314.000000	11735395.000000	-81.000000
968.481000	968.683977	4.883573E-4	6.411875E-3	125.048100	11739034.000000	11739065.000000	-31.000000
968.482000	968.686401	4.880879E-4	6.358833E-3	124.959800	11742728.000000	11742757.000000	-29.000000
968.485000	968.688825	4.878046E-4	6.239708E-3	125.033800	11746431.000000	11746461.000000	-30.000000
968.487000	968.691093	4.882421E-4	6.201269E-3	124.967200	11750122.000000	11750151.000000	-29.000000
968.489000	968.693517	4.885656E-4	6.144822E-3	124.966100	11753820.000000	11753851.000000	-31.000000
968.492000	968.695863	4.889869E-4	6.062961E-3	125.051500	11757518.000000	11757546.000000	-28.000000
968.492000	968.698287	4.894208E-4	6.054072E-3	125.012900	11761217.000000	11761248.000000	-31.000000
968.495000	968.700711	4.888501E-4	5.957464E-3	124.992900	11764923.000000	11764953.000000	-30.000000
968.497000	968.703136	4.887273E-4	5.905369E-3	125.056100	11768627.000000	11768654.000000	-27.000000
968.500000	968.705560	4.878757E-4	5.775834E-3	125.114100	11772322.000000	11772351.000000	-29.000000
968.502000	968.707984	4.882341E-4	5.708133E-3	125.025700	11776022.000000	11776051.000000	-29.000000
968.504000	968.710408	4.889139E-4	5.642424E-3	125.058100	11779718.000000	11779747.000000	-29.000000
968.505000	968.712832	4.895748E-4	5.606875E-3	124.970900	11783311.000000	11783372.000000	-61.000000
968.508000	968.715256	4.902712E-4	5.510730E-3	124.984700	11787016.000000	11787045.000000	-29.000000
968.510000	968.717680	4.906584E-4	5.433743E-3	125.060900	11790715.000000	11790743.000000	-28.000000
968.513000	968.720104	4.901221E-4	5.323610E-3	124.988500	11794413.000000	11794442.000000	-29.000000
968.516000	968.722528	4.894263E-4	5.240719E-3	125.027600	11798013.000000	11798079.000000	-66.000000
968.517000	968.724953	4.893968E-4	5.183414E-3	125.045300	11801707.000000	11801736.000000	-29.000000
968.518000	968.727455	4.893261E-4	5.149685E-3	124.932300	11805406.000000	11805436.000000	-30.000000
968.521000	968.729879	4.889181E-4	5.023256E-3	124.989000	11809106.000000	11809134.000000	-28.000000
968.522000	968.732303	4.891662E-4	4.974322E-3	124.996300	11812820.000000	11812849.000000	-29.000000
968.525000	968.734649	4.889041E-4	4.865407E-3	124.999200	11816401.000000	11816480.000000	-79.000000
968.527000	968.737073	4.886163E-4	4.789260E-3	125.071600	11820113.000000	11820140.000000	-27.000000
968.530000	968.739497	4.876493E-4	4.672477E-3	124.972400	11823698.000000	11823770.000000	-72.000000
968.532000	968.741843	4.862787E-4	4.579334E-3	125.053000	11827412.000000	11827442.000000	-30.000000
968.533000	968.744267	4.860682E-4	4.527901E-3	125.089000	11831111.000000	11831142.000000	-31.000000
968.536000	968.746691	4.848046E-4	4.408128E-3	125.080100	11834809.000000	11834837.000000	-28.000000
968.538000	968.749115	4.845898E-4	4.323147E-3	125.024900	11838504.000000	11838534.000000	-30.000000
968.540000	968.751539	4.843213E-4	4.201397E-3	125.043200	11842204.000000	11842230.000000	-26.000000
968.543000	968.753963	4.840909E-4	4.098408E-3	125.101200	11845899.000000	11845930.000000	-31.000000
968.549000	968.703918	4.829146E-4	3.806730E-3	125.028200	11886993.000000	11887061.000000	-68.000000
968.551000	968.706342	4.829810E-4	3.742573E-3	125.012300	11890686.000000	11890715.000000	-29.000000
968.553000	968.708766	4.831180E-4	3.651893E-3	124.956000	11894402.000000	11894429.000000	-27.000000
968.555000	968.711190	4.834837E-4	3.582206E-3	125.022700	11898095.000000	11898124.000000	-29.000000
968.556000	968.713536	4.839989E-4	3.559698E-3	125.013700	11901793.000000	11901817.000000	-24.000000
968.556000	968.716038	4.845625E-4	3.547907E-3	125.022600	11905490.000000	11905520.000000	-30.000000
968.558000	968.718384	4.851192E-4	3.448991E-3	124.943900	11909190.000000	11909220.000000	-30.000000
968.560000	968.720808	4.852577E-4	3.383991E-3	125.040600	11912883.000000	11912912.000000	-29.000000
968.562000	968.723232	4.850869E-4	3.299943E-3	125.084400	11916584.000000	11916612.000000	-28.000000
968.564000	968.725656	4.848223E-4	3.227265E-3	124.960200	11920276.000000	11920307.000000	-31.000000
968.567000	968.728002	4.844144E-4	3.128354E-3	125.013000	11923987.000000	11924016.000000	-29.000000
968.571000	968.730348	4.839073E-4	2.998446E-3	125.020000	11927573.000000	11927652.000000	-79.000000
968.571000	968.732772	4.846371E-4	2.997080E-3	124.997800	11931281.000000	11931310.000000	-29.000000
968.573000	968.735196	4.841076E-4	2.916110E-3	124.980200	11934990.000000	11935017.000000	-27.000000
968.574000	968.737620	4.855659E-4	2.870180E-3	125.054000	11938686.000000	11938713.000000	-27.000000
968.578000	968.739966	4.848326E-4	2.737796E-3	125.031100	11942384.000000	11942413.000000	-29.000000
968.580000	968.742468	4.853275E-4	2.690919E-3	124.932000	11946081.000000	11946111.000000	-30.000000
968.583000	968.744970	4.850669E-4	1.370740E-1	124.998700	11949778.000000	11949807.000000	-29.000000
968.587000	968.749897	4.855160E-4	2.489818E-3	124.922600	11957175.000000	11957204.000000	-29.000000
968.590000	968.752321	4.862191E-4	2.406754E-3	125.042900	11960873.000000	11960901.000000	-28.000000
968.593000	968.754745	4.869705E-4	6.018666E-1	124.975300	11964588.000000	11964617.000000	-29.000000
968.594000	968.757247	4.875888E-4	2.321274E-3	125.025000	11968279.000000	11968309.000000	-30.000000
968.597000	968.753259	4.883711E-4	2.234479E-3	125.114200	12001462.000000	12001490.000000	-28.000000
968.600000	968.755605	4.871396E-4	2.161200E-3	125.027500	12005169.000000	12005199.000000	-30.000000
968.603000	968.758029	4.864927E-4	2.111274E-3	124.992200	12008873.000000	12008902.000000	-29.000000
968.605000	968.760374	4.858388E-4	2.046814E-3	125.046700	12012569.000000	12012598.000000	-29.000000
968.608000	968.762798	4.860699E-4	2.012273E-3	125.041300	12016266.000000	12016294.000000	-28.000000
968.610000	968.764988	4.859312E-4	1.962664E-3	125.053000	12019855.000000	12019923.000000	-68.000000
968.612000	968.767333	4.853674E-4	1.924131E-3	124.998700	12023564.000000	12023591.000000	-27.000000
968.613000	968.769835	4.857842E-4	2.133733E-2	125.066900	12027263.000000	12027293.000000	-30.000000
968.615000	968.772103	4.846145E-4	1.880038E-3	125.095500	12030960.000000	12030989.000000	-29.000000
968.618000	968.774527	4.831500E-4	1.840937E-3	124.977700	12034658.000000	12034686.000000	-28.000000
968.621000	968.776951	4.818170E-4	1.809726E-3	124.991800	12038356.000000	12038387.000000	-31.000000
968.623000	968.779375	4.814852E-4	1.790991E-3	125.037800	12041957.000000	12042023.000000	-66.000000
968.625000	968.781799	4.813299E-4	1.765731E-3	124.961700	12045652.000000	12045679.000000	-27.000000
968.625000	968.784222	4.819602E-4	1.764066E-3	125.020800	12049357.000000	12049383.000000	-26.000000
968.627000	968.786646	4.815278E-4	1.744081E-3	124.953300	12053066.000000	12053096.000000	-30.000000
968.628000	968.789070	4.816283E-4	1.736480E-3	124.951500	12056762.000000	12056791.000000	-29.000000
968.629000	968.791416	4.815684E-4	1.730444E-3	124.964300	12060460.000000	12060490.000000	-30.000000
968.632000	968.793761	4.808759E-4	1.720897E-3	124.924600	12064156.000000	12064183.000000	-27.000000
968.633000	968.796185	4.813403E-4	1.721247E-3	125.027700	12067852.000000	12067881.000000	-29.000000
968.635000	968.798609	4.812451E-4	1.718799E-3	124.907300	12071549.000000	12071578.000000	-29.000000
968.635000	968.801033	4.817537E-4	1.720217E-3	125.000800	12075248.000000	12075274.000000	-26.000000
968.638000	968.803457	4.821483E-4	1.722884E-3	124.921400	12078856.000000	12078923.000000	-67.000000
968.640000	968.805880	4.831678E-4	1.730547E-3	124.957600	12082546.000000	12082574.000000	-28.000000
968.643000	968.808226	4.836857E-4	1.741736E-3	124.978600	12086242.000000	12086273.000000	-31.000000
968.644000	968.810650	4.844034E-4	1.751502E-3	124.947600	12089954.000000	12089979.000000	-25.000000
968.647000	968.812995	4.841857E-4	1.768707E-3	125.041500	12093653.000000	12093683.000000	-30.000000
968.643000	968.815341	5.065360E-4	1.826194E-3	124.977200	12097350.000000	12097381.000000	-31.000000
968.644000	968.817765	5.070713E-4	1.833218E-3	125.004600	12101048.000000	12101077.000000	-29.000000
968.646000	968.820188	5.071305E-4	1.847475E-3	125.042400	12104635.000000	12104710.000000	-75.000000
968.649000	968.822534	5.061037E-4	1.870781E-3	124.926800	12108242.000000	12108307.000000	-65.000000
968.652000	968.824958	5.056490E-4	1.888135E-3	124.985700	12111948.000000	12111977.000000	-29.000000
968.655000	968.827381	5.053785E-4	1.914770E-3	124.964300	12115643.000000	12115673.000000	-30.000000
968.657000	968.829805	5.056863E-4	1.945361E-3	124.967900	12119341.000000	12119369.000000	-28.000000
968.659000	968.832229	5.061802E-4	1.974967E-3	125.041000	12123041.000000	12123069.000000	-28.000000
968.660000	968.834652	5.065068E-4	2.005156E-3	124.964500	12126737.000000	12126766.000000	-29.000000
968.662000	968.837154	5.066702E-4	2.040285E-3	125.033900	12130432.000000	12130462.000000	-30.000000
968.665000	968.839578	5.058287E-4	2.101922E-3	124.946300	12134143.000000	12134173.000000	-30.000000
968.665000	968.842002	5.063146E-4	2.103727E-3	124.992100	12137844.000000	12137871.000000	-27.000000
968.669000	968.844347	5.053396E-4	2.155119E-3	125.062000	12141539.000000	12141566.000000	-27.000000
968.671000	968.846771	5.052612E-4	2.201907E-3	125.002600	12145241.000000	12145272.000000	-31.000000
968.673000	968.849194	5.055646E-4	2.239171E-3	125.008200	12148836.000000	12148905.000000	-69.000000
968.676000	968.851618	5.060683E-4	2.315570E-3	125.042500	12152538.000000	12152568.000000	-30.000000
968.678000	968.854042	5.067089E-4	2.391657E-3	125.001700	12156233.000000	12156261.000000	-28.000000
968.680000	968.856465	5.065875E-4	2.447982E-3	125.038200	12159932.000000	12159962.000000	-30.000000
968.683000	968.858811	5.055324E-4	2.538602E-3	125.015300	12163627.000000	12163655.000000	-28.000000
968.684000	968.861234	5.053219E-4	2.569850E-3	124.950400	12167327.000000	12167355.000000	-28.000000
968.686000	968.863658	5.048193E-4	2.618769E-3	124.986800	12171031.000000	12171058.000000	-27.000000
968.688000	968.866081	5.044156E-4	2.675393E-3	124.973300	12174736.000000	12174765.000000	-29.000000
968.692000	968.868427	5.040796E-4	2.779356E-3	124.953800	12178435.000000	12178464.000000	-29.000000
968.694000	968.870772	5.044127E-4	2.843372E-3	125.052400	12182128.000000	12182158.000000	-30.000000
968.695000	968.873196	5.046335E-4	2.897669E-3	124.995700	12185830.000000	12185858.000000	-28.000000
968.697000	968.875619	5.045592E-4	2.990616E-3	124.994800	12189526.000000	12189552.000000	-26.000000
968.698000	968.878121	5.046236E-4	3.028822E-3	125.019500	12193224.000000	12193252.000000	-28.000000
968.699000	968.880544	5.038790E-4	3.092074E-3	125.054300	12196916.000000	12196945.000000	-29.000000
968.700000	968.882968	5.030971E-4	3.170189E-3	125.014000	12200619.000000	12200646.000000	-27.000000
968.703000	968.885391	5.024116E-4	3.257665E-3	125.044600	12204328.000000	12204359.000000	-31.000000
968.705000	968.887737	5.023576E-4	3.323360E-3	125.001600	12208030.000000	12208056.000000	-26.000000
968.706000	968.890160	5.026452E-4	3.386640E-3	125.065600	12211724.000000	12211753.000000	-29.000000
968.707000	968.892662	5.031057E-4	3.426614E-3	125.001400	12215421.000000	12215449.000000	-28.000000
968.710000	968.895085	5.035251E-4	3.530437E-3	125.028800	12219120.000000	12219145.000000	-25.000000
968.711000	968.897509	5.041486E-4	3.612371E-3	125.047400	12222819.000000	12222851.000000	-32.000000
968.714000	968.899776	5.040511E-4	3.739910E-3	124.965100	12226415.000000	12226481.000000	-66.000000
968.716000	968.902121	5.041070E-4	3.807028E-3	125.054100	12230118.000000	12230149.000000	-31.000000
968.718000	968.904544	5.037434E-4	3.906182E-3	125.015600	12233812.000000	12233842.000000	-30.000000
968.722000	968.906968	5.038077E-4	4.036025E-3	125.009500	12237416.000000	12237482.000000	-66.000000
968.722000	968.909391	5.045302E-4	4.064129E-3	124.938500	12241114.000000	12241143.000000	-29.000000
968.725000	968.911893	5.049510E-4	4.160471E-3	125.038100	12244807.000000	12244835.000000	-28.000000
968.728000	968.914316	5.057325E-4	4.319463E-3	124.963000	12248407.000000	12248437.000000	-30.000000
968.730000	968.916661	5.058096E-4	4.393730E-3	125.041500	12252007.000000	12252088.000000	-81.000000
968.732000	968.919085	5.057272E-4	4.487847E-3	125.073300	12255712.000000	12255742.000000	-30.000000
968.734000	968.921586	5.048484E-4	4.587407E-3	125.017300	12259404.000000	12259433.000000	-29.000000
968.736000	968.924010	5.044631E-4	4.645547E-3	125.007300	12263113.000000	12263141.000000	-28.000000
968.739000	968.926433	5.035021E-4	4.756160E-3	125.062200	12266816.000000	12266846.000000	-30.000000
968.741000	968.928778	5.035204E-4	4.857245E-3	124.994400	12270515.000000	12270542.000000	-27.000000
968.744000	968.931202	5.039455E-4	4.971030E-3	125.024700	12274211.000000	12274242.000000	-31.000000
968.745000	968.933625	5.043197E-4	5.046823E-3	125.077100	12277909.000000	12277937.000000	-28.000000
968.746000	968.936126	5.047773E-4	5.085617E-3	124.996000	12281604.000000	12281634.000000	-30.000000
968.749000	968.938550	5.041571E-4	5.203151E-3	125.041500	12285303.000000	12285331.000000	-28.000000
968.751000	968.940973	5.035102E-4	5.286266E-3	125.081200	12288998.000000	12289025.000000	-27.000000
968.754000	968.943396	5.029192E-4	5.368528E-3	124.982900	12292699.000000	12292725.000000	-26.000000
968.759000	968.945820	5.026636E-4	5.455104E-3	124.993500	12296410.000000	12296439.000000	-29.000000
968.762000	968.948165	5.030225E-4	5.559435E-3	125.000500	12300105.000000	12300134.000000	-29.000000
968.764000	968.950510	5.034242E-4	5.691898E-3	124.970000	12303802.000000	12303832.000000	-30.000000
968.765000	968.952933	5.039000E-4	5.717442E-3	125.052500	12307501.000000	12307530.000000	-29.000000
968.767000	968.955278	5.038658E-4	5.798976E-3	124.972600	12311199.000000	12311228.000000	-29.000000
968.768000	968.957779	5.035522E-4	5.849752E-3	124.973900	12314893.000000	12314923.000000	-30.000000
968.771000	968.960203	5.021950E-4	5.958364E-3	124.998100	12318593.000000	12318624.000000	-31.000000
968.773000	968.962626	5.013787E-4	6.019167E-3	124.972400	12322290.000000	12322320.000000	-30.000000
968.775000	968.965049	5.007028E-4	6.097847E-3	125.058900	12326004.000000	12326031.000000	-27.000000
968.775000	968.967472	5.009163E-4	6.136627E-3	124.973800	12329701.000000	12329731.000000	-30.000000
968.777000	968.969817	5.010229E-4	6.210704E-3	125.014200	12333398.000000	12333426.000000	-28.000000
968.779000	968.972162	5.009984E-4	6.281818E-3	124.975600	12337097.000000	12337126.000000	-29.000000
968.782000	968.974586	5.006518E-4	6.373469E-3	124.957300	12340790.000000	12340819.000000	-29.000000
968.784000	968.976931	5.001735E-4	2.577529E-1	125.057200	12344491.000000	12344521.000000	-30.000000
968.785000	968.979354	5.004380E-4	6.459745E-3	124.999300	12348187.000000	12348218.000000	-31.000000
968.787000	968.981777	4.987388E-4	6.541107E-3	124.961500	12351885.000000	12351915.000000	-30.000000
968.788000	968.984278	4.993951E-4	6.442757E-3	125.009600	12355590.000000	12355619.000000	-29.000000
968.789000	968.986701	4.986032E-4	6.620817E-3	124.988400	12359296.000000	12359326.000000	-30.000000
968.790000	968.986701	4.988152E-4	6.623914E-3	125.064900	12361791.000000	12361819.000000	-28.000000
968.791000	968.989203	4.985007E-4	1.678075E+1	124.995900	12365489.000000	12365519.000000	-30.000000
968.794000	968.991626	4.989920E-4	6.758019E-3	125.021900	12369187.000000	12369214.000000	-27.000000
968.797000	968.993971	4.998657E-4	8.038833E-1	125.054700	12372886.000000	12372915.000000	-29.000000
968.800000	968.996316	5.005025E-4	6.962069E-3	124.953400	12376582.000000	12376612.000000	-30.000000
968.801000	968.998739	5.011090E-4	6.991997E-3	124.972000	12380279.000000	12380308.000000	-29.000000
968.803000	969.001162	5.004782E-4	3.304187E-2	124.996400	12383982.000000	12384014.000000	-32.000000
968.805000	969.003663	5.010179E-4	7.105688E-3	124.997800	12387691.000000	12387721.000000	-30.000000
968.808000	969.006086	5.004701E-4	7.207865E-3	124.966600	12391283.000000	12391348.000000	-65.000000
968.810000	969.008509	5.005937E-4	7.265986E-3	125.041800	12394988.000000	12395017.000000	-29.000000
968.813000	969.010854	5.015512E-4	7.348886E-3	124.983300	12398686.000000	12398715.000000	-29.000000
968.814000	969.013355	5.020002E-4	7.397340E-3	124.953300	12402381.000000	12402412.000000	-31.000000
968.817000	969.015856	5.022602E-4	7.458861E-3	125.006100	12406079.000000	12406108.000000	-29.000000
968.819000	969.018279	5.019770E-4	7.509165E-3	124.979700	12409779.000000	12409809.000000	-30.000000
968.822000	969.020702	5.005165E-4	7.577337E-3	124.924700	12413472.000000	12413500.000000	-28.000000
968.823000	969.023125	5.003464E-4	7.608837E-3	124.919700	12417170.000000	12417198.000000	-28.000000
968.825000	969.025548	4.994934E-4	7.654016E-3	125.012500	12420868.000000	12420898.000000	-30.000000
968.826000	969.027971	4.998591E-4	7.682811E-3	124.942000	12424581.000000	12424610.000000	-29.000000
968.828000	969.030394	5.002947E-4	7.741221E-3	125.006600	12428277.000000	12428305.000000	-28.000000
968.831000	969.032817	5.007501E-4	7.804118E-3	124.936700	12431974.000000	12432002.000000	-28.000000
968.835000	969.035162	5.010968E-4	7.887289E-3	124.940900	12435580.000000	12435648.000000	-68.000000
968.836000	969.037585	5.013338E-4	7.917796E-3	124.985500	12439276.000000	12439305.000000	-29.000000
968.839000	969.039852	5.007872E-4	7.980702E-3	124.922600	12442971.000000	12442998.000000	-27.000000
968.841000	969.042196	5.000325E-4	8.025294E-3	125.021600	12446568.000000	12446643.000000	-75.000000
968.841000	969.044619	5.003217E-4	8.038898E-3	124.997000	12450267.000000	12450335.000000	-68.000000
968.844000	969.047042	5.002861E-4	8.099724E-3	125.037200	12453967.000000	12453997.000000	-30.000000
968.845000	969.049387	5.008199E-4	8.139876E-3	125.067900	12457666.000000	12457693.000000	-27.000000
968.849000	969.051810	5.015038E-4	8.214582E-3	125.021900	12461359.000000	12461385.000000	-26.000000
968.851000	969.054233	5.012677E-4	8.251058E-3	125.008800	12465059.000000	12465086.000000	-27.000000
968.853000	969.056656	5.011379E-4	8.302160E-3	125.034200	12468770.000000	12468798.000000	-28.000000
968.853000	969.059157	5.010662E-4	8.314585E-3	124.922700	12472471.000000	12472501.000000	-30.000000
968.855000	969.061501	4.999075E-4	8.339387E-3	124.984000	12476165.000000	12476193.000000	-28.000000
968.857000	969.063924	4.988638E-4	8.372524E-3	125.035100	12479866.000000	12479896.000000	-30.000000
968.860000	969.066269	4.984422E-4	8.411673E-3	124.998200	12483557.000000	12483587.000000	-30.000000
968.861000	969.068692	4.986764E-4	8.454306E-3	125.063600	12487261.000000	12487289.000000	-28.000000
968.863000	969.071114	4.988647E-4	8.475246E-3	124.956100	12490954.000000	12490985.000000	-31.000000
968.864000	969.073537	4.992459E-4	8.500016E-3	125.001600	12494655.000000	12494684.000000	-29.000000
968.866000	969.075960	4.994971E-4	8.535527E-3	124.976500	12498355.000000	12498383.000000	-28.000000
968.869000	969.078305	4.991880E-4	8.563328E-3	124.980200	12502064.000000	12502093.000000	-29.000000
968.870000	969.080728	4.985464E-4	8.589325E-3	125.060000	12505761.000000	12505791.000000	-30.000000
968.874000	969.043369	4.981243E-4	8.655729E-3	125.072300	12536046.000000	12536125.000000	-79.000000
968.877000	969.045713	4.987249E-4	8.706864E-3	124.946200	12539742.000000	12539771.000000	-29.000000
968.878000	969.048215	4.989546E-4	8.728770E-3	125.014300	12543453.000000	12543479.000000	-26.000000
968.881000	969.050637	5.003103E-4	8.792502E-3	125.053900	12547152.000000	12547181.000000	-29.000000
968.883000	969.053060	5.015388E-4	8.845395E-3	125.030700	12550849.000000	12550879.000000	-30.000000
968.887000	969.055483	5.018591E-4	8.900778E-3	125.029200	12554551.000000	12554581.000000	-30.000000
968.888000	969.057906	5.021307E-4	8.934909E-3	124.956400	12558244.000000	12558273.000000	-29.000000
968.890000	969.060407	5.019140E-4	8.956013E-3	124.983400	12561944.000000	12561972.000000	-28.000000
968.892000	969.062830	5.014527E-4	8.982345E-3	125.068000	12565640.000000	12565669.000000	-29.000000
968.895000	969.065175	5.015390E-4	9.011508E-3	124.965500	12569334.000000	12569361.000000	-27.000000
968.897000	969.067597	5.021299E-4	9.050675E-3	125.005700	12573042.000000	12573070.000000	-28.000000
968.903000	969.069317	5.030870E-4	9.125373E-3	125.076500	12612536.000000	12612566.000000	-30.000000
968.903000	969.071427	5.030271E-4	9.132494E-3	125.031400	12616236.000000	12616262.000000	-26.000000
968.904000	969.073928	5.031786E-4	9.144639E-3	125.072400	12619839.000000	12619902.000000	-63.000000
968.907000	969.076273	5.018139E-4	9.158799E-3	125.031300	12623536.000000	12623567.000000	-31.000000
968.908000	969.078696	5.014918E-4	9.165193E-3	125.045100	12627233.000000	12627257.000000	-24.000000
968.911000	969.081118	5.007360E-4	9.189249E-3	125.012900	12630834.000000	12630860.000000	-26.000000
968.912000	969.083541	5.011023E-4	9.210540E-3	124.995800	12634531.000000	12634560.000000	-29.000000
968.916000	969.085964	5.016194E-4	9.252711E-3	124.898200	12638229.000000	12638257.000000	-28.000000
968.918000	969.088308	5.021225E-4	9.284798E-3	124.965300	12641924.000000	12641954.000000	-30.000000
968.919000	969.090731	5.025882E-4	9.305343E-3	124.910400	12645625.000000	12645651.000000	-26.000000
968.922000	969.093154	5.022796E-4	9.327803E-3	124.961100	12649320.000000	12649348.000000	-28.000000
968.923000	969.095577	5.021819E-4	9.341777E-3	124.997100	12653019.000000	12653048.000000	-29.000000
968.925000	969.097921	5.013362E-4	9.356183E-3	124.947300	12656618.000000	12656691.000000	-73.000000
968.926000	969.100344	5.011436E-4	9.369555E-3	125.027100	12660319.000000	12660348.000000	-29.000000
968.929000	969.102767	5.011447E-4	9.394898E-3	124.922200	12664013.000000	12664043.000000	-30.000000
968.930000	969.105189	5.017762E-4	9.418204E-3	124.985500	12667728.000000	12667756.000000	-28.000000
968.932000	969.107612	5.019682E-4	9.439168E-3	124.954600	12671425.000000	12671453.000000	-28.000000
968.937000	969.107534	5.019851E-4	9.480177E-3	125.020200	12702908.000000	12702938.000000	-30.000000
968.939000	969.109878	5.013107E-4	9.481218E-3	124.959100	12706606.000000	12706636.000000	-30.000000
968.940000	969.112301	5.005813E-4	9.480392E-3	125.040200	12710307.000000	12710330.000000	-23.000000
968.941000	969.114724	5.000576E-4	9.482182E-3	124.943200	12713907.000000	12713978.000000	-71.000000
968.944000	969.117068	4.993997E-4	9.488517E-3	125.008300	12717602.000000	12717629.000000	-27.000000
968.946000	969.119413	4.993703E-4	9.504079E-3	124.972600	12721311.000000	12721339.000000	-28.000000
968.948000	969.121835	8.003996E-1	9.528378E-3	124.947800	12724901.000000	12724931.000000	-30.000000
968.951000	969.124258	4.998603E-4	9.551511E-3	125.038500	12728515.000000	12728584.000000	-69.000000
968.953000	969.126524	4.997146E-4	9.568582E-3	124.936200	12732201.000000	12732228.000000	-27.000000
968.955000	969.128947	4.997580E-4	9.581631E-3	124.996200	12735908.000000	12735938.000000	-30.000000
968.956000	969.131370	4.998132E-4	9.593099E-3	125.010500	12739499.000000	12739578.000000	-79.000000
968.958000	969.133792	4.996752E-4	9.607049E-3	125.029800	12743207.000000	12743236.000000	-29.000000
968.962000	969.136137	4.999807E-4	9.640433E-3	124.910200	12746908.000000	12746939.000000	-31.000000
968.964000	969.138481	5.010081E-4	9.677613E-3	124.983700	12750606.000000	12750635.000000	-29.000000
968.966000	969.140904	5.021683E-4	9.720251E-3	125.053600	12754304.000000	12754333.000000	-29.000000
968.969000	969.145905	5.037039E-4	1.416442E+1	124.952400	12761696.000000	12761726.000000	-30.000000
968.972000	969.148328	5.034298E-4	9.785167E-3	125.002600	12765394.000000	12765425.000000	-31.000000
968.974000	969.150672	5.031205E-4	9.793814E-3	125.053900	12769088.000000	12769118.000000	-30.000000
968.977000	969.153095	5.022949E-4	9.797881E-3	124.955600	12772795.000000	12772825.000000	-30.000000
968.978000	969.155595	5.020738E-4	9.807246E-3	125.049900	12776501.000000	12776529.000000	-28.000000
968.980000	969.152860	5.030337E-4	9.841997E-3	125.031800	12805188.000000	12805146.000000	42.000000
968.983000	969.155126	5.027196E-4	9.860554E-3	125.006700	12808887.000000	12808914.000000	-27.000000
968.985000	969.157549	5.030202E-4	9.882092E-3	125.080500	12812583.000000	12812613.000000	-30.000000
968.987000	969.159971	5.029287E-4	9.893938E-3	125.007000	12816295.000000	12816322.000000	-27.000000
968.989000	969.162394	5.024572E-4	9.901969E-3	125.063700	12819992.000000	12820022.000000	-30.000000
968.993000	969.164816	5.011972E-4	9.900822E-3	125.095700	12823581.000000	12823668.000000	-87.000000
968.995000	969.167161	5.009876E-4	9.907020E-3	125.108200	12827294.000000	12827322.000000	-28.000000
968.995000	969.169661	5.011837E-4	9.918806E-3	125.010600	12830986.000000	12831015.000000	-29.000000
968.997000	969.172084	5.014096E-4	9.940474E-3	125.063300	12834678.000000	12834709.000000	-31.000000
968.999000	969.174506	5.023313E-4	9.977692E-3	124.968200	12838383.000000	12838412.000000	-29.000000
969.001000	969.176929	5.027600E-4	1.000269E-2	125.000600	12842080.000000	12842108.000000	-28.000000
969.003000	969.179351	5.029483E-4	1.002130E-2	125.082000	12845680.000000	12845710.000000	-30.000000
969.005000	969.181852	5.030400E-4	1.003235E-2	124.961800	12849375.000000	12849407.000000	-32.000000
969.007000	969.184274	5.025447E-4	1.003357E-2	125.028300	12853077.000000	12853104.000000	-27.000000
969.009000	969.186696	5.017314E-4	1.003166E-2	124.990600	12856771.000000	12856799.000000	-28.000000
969.012000	969.189119	5.011976E-4	1.003673E-2	124.971900	12860483.000000	12860512.000000	-29.000000
969.014000	969.191541	5.012435E-4	1.005654E-2	125.070900	12864182.000000	12864213.000000	-31.000000
969.015000	969.193964	5.016714E-4	1.007060E-2	124.981100	12867880.000000	12867908.000000	-28.000000
969.017000	969.196308	5.017066E-4	1.008293E-2	125.010000	12871577.000000	12871606.000000	-29.000000
969.018000	969.198730	5.018689E-4	1.009391E-2	125.023500	12875273.000000	12875304.000000	-31.000000
969.021000	969.200996	8.004011E-1	1.010047E-2	124.926500	12878882.000000	12878949.000000	-67.000000
969.023000	969.203419	5.005348E-4	1.009457E-2	125.020800	12882574.000000	12882605.000000	-31.000000
969.026000	969.205763	4.994042E-4	1.008610E-2	125.014900	12886271.000000	12886300.000000	-29.000000
969.028000	969.208107	4.981180E-4	1.007649E-2	125.070200	12889872.000000	12889897.000000	-25.000000
969.031000	969.210451	4.981168E-4	1.008989E-2	125.078100	12893569.000000	12893599.000000	-30.000000
969.031000	969.212873	4.986296E-4	1.010565E-2	125.055000	12897265.000000	12897293.000000	-28.000000
969.034000	969.215296	4.989541E-4	1.012947E-2	124.975800	12900867.000000	12900897.000000	-30.000000
969.039000	969.213499	5.004739E-4	1.018434E-2	125.026300	12930767.000000	12930797.000000	-30.000000
969.041000	969.215921	5.007571E-4	1.019897E-2	125.070800	12934467.000000	12934496.000000	-29.000000
969.044000	969.218343	5.005655E-4	1.020998E-2	124.952500	12938160.000000	12938188.000000	-28.000000
969.045000	969.220765	5.009140E-4	1.022366E-2	125.004800	12941765.000000	12941794.000000	-29.000000
969.048000	969.223266	5.013311E-4	9.336197E+0	124.942000	12945459.000000	12945489.000000	-30.000000
969.049000	969.225688	5.022098E-4	1.027590E-2	124.940100	12949062.000000	12949092.000000	-30.000000
969.051000	969.228032	5.032519E-4	1.030904E-2	125.025900	12952760.000000	12952791.000000	-31.000000
969.054000	969.230454	5.037740E-4	1.033237E-2	124.959100	12956456.000000	12956487.000000	-31.000000
969.054000	969.232877	5.040606E-4	1.034139E-2	125.018700	12960156.000000	12960186.000000	-30.000000
969.057000	969.235221	5.039196E-4	1.034899E-2	124.949800	12963848.000000	12963877.000000	-29.000000
969.057000	969.237643	5.039537E-4	1.035475E-2	124.949400	12967548.000000	12967577.000000	-29.000000
969.060000	969.240065	5.031513E-4	1.034855E-2	125.032100	12971255.000000	12971283.000000	-28.000000
969.063000	969.242331	5.020723E-4	1.034211E-2	124.946700	12974960.000000	12974989.000000	-29.000000
969.066000	969.244753	5.017132E-4	1.034847E-2	124.990100	12978659.000000	12978687.000000	-28.000000
969.067000	969.247176	5.020256E-4	1.036198E-2	124.967600	12982355.000000	12982384.000000	-29.000000
969.069000	969.249520	5.024764E-4	1.038737E-2	124.948900	12986050.000000	12986080.000000	-30.000000
969.070000	969.251942	5.026784E-4	1.039937E-2	125.022000	12989659.000000	12989728.000000	-69.000000
969.071000	969.254442	5.030160E-4	1.041052E-2	124.928800	12993347.000000	12993373.000000	-26.000000
969.073000	969.256864	5.027225E-4	1.041368E-2	125.001000	12997044.000000	12997075.000000	-31.000000
969.076000	969.259208	5.019459E-4	1.041008E-2	124.945700	13000744.000000	13000771.000000	-27.000000
969.078000	969.261552	5.018089E-4	1.041539E-2	124.952200	13004439.000000	13004469.000000	-30.000000
969.080000	969.263974	5.018147E-4	1.042583E-2	125.041900	13008141.000000	13008171.000000	-30.000000
969.082000	969.266396	5.022681E-4	1.044269E-2	124.942600	13011742.000000	13011824.000000	-82.000000
969.083000	969.268819	5.027145E-4	1.046044E-2	125.020800	13015433.000000	13015462.000000	-29.000000
969.086000	969.271241	5.032164E-4	1.048140E-2	125.012100	13019152.000000	13019182.000000	-30.000000
969.088000	969.273663	5.033655E-4	1.049393E-2	125.008700	13022848.000000	13022878.000000	-30.000000
969.091000	969.276007	5.024548E-4	1.048644E-2	124.923100	13026545.000000	13026575.000000	-30.000000
969.092000	969.278351	5.020243E-4	1.048119E-2	125.029600	13030241.000000	13030271.000000	-30.000000
969.094000	969.280773	5.013951E-4	1.047460E-2	124.980500	13033940.000000	13033971.000000	-31.000000
969.095000	969.283195	5.011404E-4	1.047536E-2	125.036900	13037633.000000	13037660.000000	-27.000000
969.097000	969.285539	5.006029E-4	1.047004E-2	125.039300	13041330.000000	13041357.000000	-27.000000
969.099000	969.287883	4.997487E-4	1.045991E-2	125.081200	13045031.000000	13045061.000000	-30.000000
969.102000	969.290305	4.998377E-4	1.047532E-2	125.073800	13048739.000000	13048768.000000	-29.000000
969.103000	969.292727	5.000043E-4	1.048592E-2	125.115200	13052343.000000	13052410.000000	-67.000000
969.106000	969.294992	4.995094E-4	1.048499E-2	125.055300	13056036.000000	13056067.000000	-31.000000
969.108000	969.297414	4.989698E-4	1.048016E-2	125.067400	13059740.000000	13059769.000000	-29.000000
969.109000	969.299836	4.987606E-4	1.047911E-2	125.110700	13063436.000000	13063464.000000	-28.000000
969.111000	969.302337	4.978449E-4	1.046481E-2	125.014300	13067131.000000	13067158.000000	-27.000000
969.114000	969.304680	4.967952E-4	1.045299E-2	125.069500	13070831.000000	13070861.000000	-30.000000
969.117000	969.307024	4.972369E-4	1.047111E-2	125.071300	13074529.000000	13074559.000000	-30.000000
969.118000	969.309446	4.981827E-4	1.049601E-2	125.026500	13078226.000000	13078253.000000	-27.000000
969.119000	969.311868	4.989336E-4	1.051718E-2	124.987100	13081923.000000	13081954.000000	-31.000000
969.121000	969.314290	4.994593E-4	1.053284E-2	125.060300	13085628.000000	13085657.000000	-29.000000
969.124000	969.316712	5.000433E-4	1.055211E-2	124.978300	13089333.000000	13089360.000000	-27.000000
969.126000	969.319134	5.001534E-4	1.055952E-2	125.023700	13093030.000000	13093059.000000	-29.000000
969.130000	969.321556	5.001463E-4	1.056809E-2	125.037900	13096631.000000	13096660.000000	-29.000000
969.131000	969.323978	4.999786E-4	1.056886E-2	124.962200	13100329.000000	13100356.000000	-27.000000
969.132000	969.326400	5.006281E-4	1.058508E-2	124.981600	13104024.000000	13104051.000000	-27.000000
969.132000	969.328822	5.009880E-4	1.059469E-2	125.038100	13107724.000000	13107753.000000	-29.000000
969.135000	969.331243	5.016452E-4	1.061645E-2	124.959900	13111418.000000	13111445.000000	-27.000000
969.137000	969.333665	5.021632E-4	1.063107E-2	125.009600	13115017.000000	13115103.000000	-86.000000
969.140000	969.336087	5.023378E-4	1.064091E-2	124.985100	13118718.000000	13118748.000000	-30.000000
969.142000	969.338509	5.021793E-4	1.064111E-2	125.021200	13122415.000000	13122444.000000	-29.000000
969.144000	969.340931	5.013066E-4	1.062834E-2	125.004200	13126016.000000	13126044.000000	-28.000000
969.147000	969.343275	4.998187E-4	1.060261E-2	125.014400	13129620.000000	13129651.000000	-31.000000
969.147000	969.345775	4.998750E-4	1.060625E-2	125.045800	13133315.000000	13133342.000000	-27.000000
969.149000	969.348196	4.998945E-4	1.061249E-2	124.958000	13137014.000000	13137044.000000	-30.000000
969.151000	969.350618	5.001787E-4	1.062452E-2	124.974700	13140712.000000	13140743.000000	-31.000000
969.154000	969.353040	5.007546E-4	1.064440E-2	124.979200	13144408.000000	13144440.000000	-32.000000
969.156000	969.355462	5.006604E-4	1.064347E-2	125.015500	13148121.000000	13148152.000000	-31.000000
969.157000	969.357884	5.005624E-4	1.064666E-2	124.942100	13151725.000000	13151791.000000	-66.000000
969.159000	969.360305	5.004079E-4	1.064615E-2	125.037800	13155307.000000	13155386.000000	-79.000000
969.162000	969.362727	4.994986E-4	1.063224E-2	124.936800	13159005.000000	13159035.000000	-30.000000
969.164000	969.365149	4.993852E-4	1.063322E-2	124.983400	13162711.000000	13162741.000000	-30.000000
969.167000	969.367571	8.003998E-1	1.064724E-2	125.007000	13166304.000000	13166331.000000	-27.000000
969.168000	969.369914	5.001413E-4	1.065880E-2	124.939100	13169918.000000	13169985.000000	-67.000000
969.169000	969.372336	5.002748E-4	1.066430E-2	125.014400	13173601.000000	13173630.000000	-29.000000
969.170000	969.374758	5.007093E-4	1.067642E-2	124.994000	13177207.000000	13177289.000000	-82.000000
969.172000	969.377179	5.006823E-4	1.067956E-2	124.967500	13180902.000000	13180931.000000	-29.000000
969.174000	969.379601	4.997476E-4	1.067285E-2	124.979800	13184607.000000	13184637.000000	-30.000000
969.177000	969.381945	4.988610E-4	1.065160E-2	124.930000	13188312.000000	13188341.000000	-29.000000
969.178000	969.384366	4.981834E-4	1.063981E-2	124.861600	13192009.000000	13192038.000000	-29.000000
969.181000	969.386710	4.974782E-4	1.063129E-2	124.936900	13195706.000000	13195735.000000	-29.000000
969.184000	969.389132	4.970952E-4	1.062818E-2	124.984900	13199404.000000	13199434.000000	-30.000000
969.185000	969.391553	4.972538E-4	1.063424E-2	124.929400	13203099.000000	13203128.000000	-29.000000
969.191000	969.393819	4.971017E-4	1.063610E-2	124.990700	13206799.000000	13206829.000000	-30.000000
969.192000	969.396318	4.973958E-4	1.064436E-2	124.910400	13210495.000000	13210523.000000	-28.000000
969.195000	969.398740	4.959636E-4	1.062138E-2	124.921900	13214194.000000	13214226.000000	-32.000000
969.196000	969.401162	4.957233E-4	1.061930E-2	125.028000	13217905.000000	13217935.000000	-30.000000
969.198000	969.373273	4.997056E-4	1.071131E-2	125.010300	13288582.000000	13288666.000000	-84.000000
969.199000	969.370774	4.993888E-4	1.070709E-2	125.037700	13292280.000000	13292309.000000	-29.000000
969.199000	969.368274	4.981343E-4	1.067862E-2	125.027100	13295976.000000	13296003.000000	-27.000000
969.196000	969.365774	4.977024E-4	1.066278E-2	125.080300	13299675.000000	13299704.000000	-29.000000
969.194000	969.363352	4.979380E-4	1.066509E-2	125.009300	13303377.000000	13303406.000000	-29.000000
969.193000	969.360930	4.985535E-4	1.067328E-2	125.004500	13307085.000000	13307115.000000	-30.000000
969.191000	969.358509	4.991285E-4	1.068271E-2	125.074000	13310784.000000	13310815.000000	-31.000000
969.187000	969.356165	4.993817E-4	1.068554E-2	124.991200	13314479.000000	13314506.000000	-27.000000
969.185000	969.353743	4.991962E-4	1.067778E-2	125.027200	13318174.000000	13318204.000000	-30.000000
969.183000	969.351399	4.992161E-4	1.067524E-2	124.994900	13321872.000000	13321900.000000	-28.000000
969.181000	969.348899	4.994547E-4	1.067635E-2	125.026300	13325572.000000	13325600.000000	-28.000000
969.179000	969.346400	5.004306E-4	1.069201E-2	125.031100	13329266.000000	13329295.000000	-29.000000
969.176000	969.343900	5.016899E-4	1.071499E-2	125.081900	13332969.000000	13332999.000000	-30.000000
969.174000	969.341400	5.027474E-4	1.073341E-2	124.943000	13336679.000000	13336706.000000	-27.000000
969.172000	969.339056	5.031001E-4	1.073652E-2	125.024200	13340280.000000	13340343.000000	-63.000000
969.170000	969.336556	5.028936E-4	1.072799E-2	124.974900	13343881.000000	13343946.000000	-65.000000
969.169000	969.334134	5.025985E-4	1.071788E-2	124.958000	13347478.000000	13347546.000000	-68.000000
969.166000	969.331712	5.020895E-4	1.070321E-2	125.049800	13351165.000000	13351194.000000	-29.000000
969.162000	969.329368	5.023895E-4	1.070202E-2	124.937000	13354862.000000	13354893.000000	-31.000000
969.161000	969.326947	5.025811E-4	1.070274E-2	125.001300	13358576.000000	13358606.000000	-30.000000
969.159000	969.324603	5.034041E-4	1.071467E-2	124.984200	13362273.000000	13362300.000000	-27.000000
969.157000	969.322103	5.037197E-4	1.071918E-2	124.961400	13365972.000000	13366002.000000	-30.000000
969.154000	969.319681	5.041666E-4	1.072160E-2	125.036800	13369665.000000	13369694.000000	-29.000000
969.152000	969.317259	5.037993E-4	1.070955E-2	124.934700	13373361.000000	13373388.000000	-27.000000
969.150000	969.314915	5.035760E-4	1.069954E-2	124.989400	13376962.000000	13376991.000000	-29.000000
969.148000	969.312493	5.038050E-4	1.069932E-2	125.002200	13380662.000000	13380691.000000	-29.000000
969.147000	969.310149	5.039721E-4	1.069851E-2	124.944800	13384362.000000	13384392.000000	-30.000000
969.146000	969.307649	5.051075E-4	1.071665E-2	125.037300	13388059.000000	13388087.000000	-28.000000
969.144000	969.305149	5.056131E-4	1.072286E-2	124.945000	13391755.000000	13391783.000000	-28.000000
969.141000	969.302649	5.069068E-4	1.489626E+2	124.973500	13395458.000000	13395489.000000	-31.000000





