965.512000	965.609453	5.004212E-4	1.122963E-2	175.065500	1349322.000000	1349349.000000	-27.000000
965.524000	965.619351	4.975147E-4	1.117004E-2	175.026500	1353820.000000	1353849.000000	-29.000000
965.533000	965.629249	4.958851E-4	1.113592E-2	174.974700	1358222.000000	1358251.000000	-29.000000
965.543000	965.639147	4.944053E-4	1.110346E-2	174.849900	1362719.000000	1362748.000000	-29.000000
965.554000	965.648967	4.959518E-4	1.113627E-2	175.004800	1367216.000000	1367243.000000	-27.000000
965.562000	965.658393	4.971431E-4	1.116001E-2	175.038600	1371618.000000	1371647.000000	-29.000000
965.571000	965.668291	4.997114E-4	1.121450E-2	175.017300	1376018.000000	1376047.000000	-29.000000
965.580000	965.678031	5.009937E-4	1.123892E-2	174.973700	1380518.000000	1380549.000000	-31.000000
965.591000	965.687850	5.020937E-4	1.125967E-2	174.939100	1384913.000000	1384942.000000	-29.000000
965.608000	965.700889	4.985458E-4	1.116856E-2	174.895900	1457701.000000	1457728.000000	-27.000000
965.617000	965.710707	4.583894E-4	1.115001E-2	174.945300	1462087.000000	1462114.000000	-27.000000
965.629000	965.720604	4.966900E-4	1.111445E-2	175.073300	1466484.000000	1466511.000000	-27.000000
965.639000	965.730422	4.989181E-4	1.115699E-2	175.083800	1470888.000000	1470917.000000	-29.000000
965.648000	965.740162	5.004203E-4	1.118348E-2	175.059300	1475385.000000	1475414.000000	-29.000000
965.656000	965.749980	5.021127E-4	1.121646E-2	175.066600	1479787.000000	1479815.000000	-28.000000
965.666000	965.759798	5.028587E-4	1.122937E-2	175.153200	1484187.000000	1484216.000000	-29.000000
965.676000	965.769615	5.031526E-4	1.123404E-2	175.124500	1488591.000000	1488620.000000	-29.000000
965.685000	965.779275	5.008453E-4	1.118183E-2	175.185300	1492992.000000	1493021.000000	-29.000000
965.692000	965.789093	5.977654E-4	1.110050E-2	175.186100	1497377.000000	1497405.000000	-28.000000
965.702000	965.798989	4.965609E-4	1.108841E-2	175.275800	1501778.000000	1501807.000000	-29.000000
965.711000	965.808806	4.954329E-4	1.106825E-2	175.136900	1506178.000000	1506208.000000	-30.000000
965.721000	965.818622	4.978906E-4	1.112833E-2	175.025300	1510677.000000	1510706.000000	-29.000000
965.731000	965.828518	4.983398E-4	1.114402E-2	174.975800	1515080.000000	1515108.000000	-28.000000
965.738000	965.838413	4.992530E-4	1.116869E-2	175.032400	1519482.000000	1519511.000000	-29.000000
965.749000	965.848308	5.000189E-4	1.119293E-2	175.006400	1523881.000000	1523909.000000	-28.000000
965.758000	965.858203	4.984474E-4	1.116586E-2	174.903900	1528281.000000	1528313.000000	-32.000000
965.768000	965.868019	1.072564E-1	1.110691E-2	174.905800	1532671.000000	1532702.000000	-31.000000
965.775000	965.877992	4.931204E-4	1.106191E-2	174.950800	1537180.000000	1537210.000000	-30.000000
965.787000	965.887808	8.003946E-1	1.106890E-2	174.940800	1541566.000000	1541596.000000	-30.000000
965.794000	965.897624	4.933515E-4	1.105897E-2	174.913900	1546075.000000	1546103.000000	-28.000000
965.804000	965.907361	4.956607E-4	1.112298E-2	174.861700	1550469.000000	1550498.000000	-29.000000
965.813000	965.917176	4.950800E-4	1.111303E-2	174.867200	1554866.000000	1554893.000000	-27.000000
965.824000	965.926991	4.977172E-4	1.116800E-2	174.876800	1559269.000000	1559296.000000	-27.000000
965.834000	965.936885	4.970492E-4	1.115076E-2	175.004800	1563672.000000	1563698.000000	-26.000000
965.845000	965.946700	4.954780E-4	1.111395E-2	175.132600	1568074.000000	1568104.000000	-30.000000
965.855000	965.956515	4.937422E-4	1.107184E-2	175.159900	1572472.000000	1572500.000000	-28.000000
965.890000	965.975281	4.964092E-4	1.113146E-2	174.873600	1666540.000000	1666569.000000	-29.000000
965.899000	965.985174	4.952079E-4	1.109763E-2	174.875000	1670943.000000	1670972.000000	-29.000000
965.908000	965.994988	4.979090E-4	1.115381E-2	174.828700	1675347.000000	1675377.000000	-30.000000
965.918000	966.004881	4.966448E-4	1.112280E-2	174.851700	1679691.000000	1679757.000000	-66.000000
965.928000	966.014773	4.949575E-4	1.108440E-2	174.876900	1684152.000000	1684181.000000	-29.000000
965.937000	966.024587	4.930230E-4	1.104067E-2	174.842100	1688548.000000	1688574.000000	-26.000000
965.946000	966.034479	4.920171E-4	1.101846E-2	174.828900	1692885.000000	1692956.000000	-71.000000
965.955000	966.044371	4.927809E-4	1.103486E-2	174.852100	1697332.000000	1697360.000000	-28.000000
965.967000	966.054263	4.930901E-4	1.103940E-2	174.887700	1701734.000000	1701763.000000	-29.000000
965.977000	966.063998	4.954258E-4	1.109333E-2	174.819600	1706139.000000	1706164.000000	-25.000000
965.984000	966.073733	4.945203E-4	1.107207E-2	174.982000	1710541.000000	1710569.000000	-28.000000
965.992000	966.083232	4.973070E-4	1.113482E-2	175.034800	1715040.000000	1715070.000000	-30.000000
966.002000	966.093045	4.949314E-4	1.108183E-2	174.999500	1719443.000000	1719473.000000	-30.000000
966.012000	966.102936	4.931711E-4	1.104256E-2	175.121700	1723840.000000	1723870.000000	-30.000000
966.020000	966.112592	1.192943E-3	1.099755E-2	175.088900	1728229.000000	1728259.000000	-30.000000
966.032000	966.122483	4.915392E-4	1.100421E-2	175.124900	1732631.000000	1732661.000000	-30.000000
966.042000	966.132373	4.941688E-4	1.105877E-2	175.100800	1737028.000000	1737057.000000	-29.000000
966.052000	966.142107	4.940956E-4	1.105200E-2	175.093300	1741429.000000	1741457.000000	-28.000000
966.061000	966.151684	4.957022E-4	1.108155E-2	175.010400	1745832.000000	1745860.000000	-28.000000
966.068000	966.161574	4.945419E-4	1.105092E-2	175.018500	1750234.000000	1750265.000000	-31.000000
966.078000	966.171464	4.975197E-4	1.110963E-2	174.998300	1754633.000000	1754664.000000	-31.000000
966.095000	966.177194	4.941269E-4	1.102392E-2	175.075500	1852198.000000	1852225.000000	-27.000000
966.104000	966.187084	4.915300E-4	1.096103E-2	174.981700	1856603.000000	1856633.000000	-30.000000
966.115000	966.196896	4.928868E-4	1.098847E-2	174.918200	1861004.000000	1861031.000000	-27.000000
966.126000	966.206314	4.949119E-4	1.103006E-2	174.935700	1865406.000000	1865436.000000	-30.000000
966.134000	966.216126	4.935314E-4	1.099685E-2	175.008700	1869803.000000	1869834.000000	-31.000000
966.144000	966.225780	4.952846E-4	1.103545E-2	174.963300	1874208.000000	1874237.000000	-29.000000
966.162000	966.242026	4.968364E-4	1.107229E-2	175.014300	1932091.000000	1932120.000000	-29.000000
966.172000	966.251915	4.930022E-4	1.099118E-2	175.007000	1936494.000000	1936522.000000	-28.000000
966.181000	966.261726	8.533757E-4	1.096855E-2	174.995600	1940881.000000	1940910.000000	-29.000000
966.188000	966.271615	4.907241E-4	1.095134E-2	174.978800	1945282.000000	1945310.000000	-28.000000
966.200000	966.281503	4.922041E-4	1.099177E-2	174.906800	1949684.000000	1949711.000000	-27.000000
966.209000	966.291392	4.933092E-4	1.102231E-2	175.000700	1954080.000000	1954108.000000	-28.000000
966.218000	966.301123	4.922126E-4	1.100663E-2	175.025300	1958487.000000	1958515.000000	-28.000000
966.226000	966.311011	4.937778E-4	1.104523E-2	174.953700	1962885.000000	1962914.000000	-29.000000
966.238000	966.320821	4.946775E-4	1.107122E-2	174.930600	1967288.000000	1967317.000000	-29.000000
966.249000	966.330709	4.943856E-4	1.107053E-2	174.982300	1971630.000000	1971694.000000	-64.000000
966.259000	966.340518	4.904088E-4	1.098668E-2	174.919400	1976074.000000	1976104.000000	-30.000000
966.268000	966.350327	4.901261E-4	1.098401E-2	174.894600	1980476.000000	1980506.000000	-30.000000
966.275000	966.360215	4.906748E-4	1.099773E-2	174.913700	1984881.000000	1984913.000000	-32.000000
966.286000	966.370024	4.921237E-4	1.103155E-2	174.926300	1990883.000000	1990911.000000	-28.000000
966.295000	966.379911	4.915109E-4	1.101605E-2	174.898300	1995283.000000	1995312.000000	-29.000000
966.305000	966.389719	4.905861E-4	1.099180E-2	174.878400	1999778.000000	1999807.000000	-29.000000
966.312000	966.399606	4.925219E-4	1.103110E-2	174.891500	2004171.000000	2004199.000000	-28.000000
966.322000	966.409415	4.918279E-4	1.100769E-2	174.879200	2008565.000000	2008595.000000	-30.000000
966.332000	966.419301	4.911533E-4	1.099023E-2	174.920300	2012970.000000	2012999.000000	-29.000000
966.343000	966.429109	4.883569E-4	1.092523E-2	175.043200	2017364.000000	2017394.000000	-30.000000
966.350000	966.438917	4.891122E-4	1.094044E-2	175.024700	2021771.000000	2021803.000000	-32.000000
966.360000	966.448646	4.893259E-4	1.094275E-2	175.009400	2026174.000000	2026203.000000	-29.000000
966.369000	966.458218	4.895732E-4	1.094557E-2	174.973100	2030573.000000	2030604.000000	-31.000000
966.378000	966.468026	8.003912E-1	1.092931E-2	175.034700	2034958.000000	2034987.000000	-29.000000
966.387000	966.477755	4.895447E-4	1.093992E-2	174.937400	2039360.000000	2039387.000000	-27.000000
966.395000	966.487640	4.916320E-4	1.098408E-2	175.108000	2043763.000000	2043793.000000	-30.000000
966.407000	966.497526	4.902338E-4	1.095100E-2	175.067400	2048161.000000	2048190.000000	-29.000000
966.416000	966.507411	4.891824E-4	1.093311E-2	175.098200	2052566.000000	2052593.000000	-27.000000
966.427000	966.517139	4.875705E-4	1.089718E-2	175.075400	2056967.000000	2056995.000000	-28.000000
966.434000	966.527024	1.858151E+0	1.093638E-2	175.007400	2061357.000000	2061384.000000	-27.000000
966.445000	966.536909	4.905702E-4	1.096482E-2	175.032600	2065717.000000	2065780.000000	-63.000000
966.456000	966.546794	4.885866E-4	1.091358E-2	174.997900	2070157.000000	2070186.000000	-29.000000
966.466000	966.556600	4.872016E-4	1.086951E-2	175.001300	2074557.000000	2074588.000000	-31.000000
966.473000	966.566485	4.903226E-4	1.094355E-2	174.958000	2079052.000000	2079079.000000	-27.000000
966.485000	966.576291	4.951888E-4	1.105569E-2	174.947600	2083549.000000	2083577.000000	-28.000000
966.495000	966.586096	4.925323E-4	1.099337E-2	174.934300	2087953.000000	2087982.000000	-29.000000
966.504000	966.595980	4.922715E-4	1.098283E-2	174.978500	2092448.000000	2092478.000000	-30.000000
966.511000	966.605864	4.915039E-4	1.096148E-2	174.994100	2096949.000000	2096977.000000	-28.000000
966.521000	966.615748	4.945246E-4	1.102547E-2	175.024900	2101444.000000	2101475.000000	-31.000000
966.530000	966.625475	4.949933E-4	1.103044E-2	175.141600	2105941.000000	2105971.000000	-30.000000
966.540000	966.635358	4.940660E-4	1.100431E-2	175.329900	2110454.000000	2110484.000000	-30.000000
966.548000	966.645163	4.951678E-4	1.102209E-2	175.208700	2114952.000000	2114982.000000	-30.000000
966.556000	966.654968	4.962966E-4	1.103993E-2	175.138700	2119451.000000	2119478.000000	-27.000000
966.567000	966.664694	4.973730E-4	1.105761E-2	175.032100	2123947.000000	2123976.000000	-29.000000
966.577000	966.674577	4.938083E-4	1.097451E-2	175.063300	2128351.000000	2128380.000000	-29.000000
966.587000	966.684381	1.868839E+1	1.096301E-2	175.046600	2132744.000000	2132774.000000	-30.000000
966.594000	966.694264	4.926080E-4	1.094192E-2	174.987600	2137247.000000	2137278.000000	-31.000000
966.605000	966.704146	4.562191E-4	1.100121E-2	174.979900	2141636.000000	2141665.000000	-29.000000
966.615000	966.714107	4.939932E-4	1.097335E-2	174.896700	2146148.000000	2146175.000000	-27.000000
966.634000	966.710970	4.956384E-4	1.101666E-2	174.821200	2200230.000000	2200257.000000	-27.000000
966.643000	966.720695	4.952720E-4	1.101054E-2	174.888700	2204727.000000	2204758.000000	-31.000000
966.653000	966.730655	4.944872E-4	1.099519E-2	174.869400	2209224.000000	2209252.000000	-28.000000
966.661000	966.740537	4.912640E-4	1.092651E-2	174.891600	2213625.000000	2213653.000000	-28.000000
966.671000	966.750497	4.919688E-4	1.094455E-2	174.936600	2218024.000000	2218052.000000	-28.000000
966.680000	966.760301	4.925747E-4	1.096181E-2	174.915000	2222426.000000	2222455.000000	-29.000000
966.693000	966.770182	4.935846E-4	1.098865E-2	174.879600	2226926.000000	2226954.000000	-28.000000
966.704000	966.780063	4.925405E-4	1.096790E-2	174.895500	2231421.000000	2231452.000000	-31.000000
966.711000	966.789866	4.931821E-4	1.098781E-2	174.947000	2235921.000000	2235950.000000	-29.000000
966.728000	966.806099	4.970019E-4	1.107067E-2	174.998500	2279105.000000	2279136.000000	-31.000000
966.739000	966.816058	4.958752E-4	1.104419E-2	174.957200	2283606.000000	2283634.000000	-28.000000
966.748000	966.825939	4.930267E-4	1.097894E-2	175.078800	2287957.000000	2288041.000000	-84.000000
966.756000	966.835898	4.946045E-4	1.101294E-2	175.083400	2292461.000000	2292529.000000	-68.000000
966.767000	966.845778	4.961763E-4	1.104101E-2	175.027700	2297000.000000	2297031.000000	-31.000000
966.778000	966.855737	4.958684E-4	1.103462E-2	174.961500	2301453.000000	2301524.000000	-71.000000
966.787000	966.865617	4.956995E-4	1.102801E-2	175.124600	2306013.000000	2306041.000000	-28.000000
966.793000	966.875654	4.958922E-4	1.102774E-2	175.134400	2310508.000000	2310538.000000	-30.000000
966.804000	966.885612	4.982880E-4	1.107594E-2	175.101200	2315010.000000	2315040.000000	-30.000000
966.821000	966.901216	4.954042E-4	1.101142E-2	175.143800	2357001.000000	2357029.000000	-28.000000
966.830000	966.911173	4.921132E-4	1.093333E-2	175.041300	2361499.000000	2361528.000000	-29.000000
966.840000	966.921131	4.943022E-4	1.098144E-2	175.009900	2365995.000000	2366024.000000	-29.000000
966.851000	966.930932	4.964738E-4	1.103081E-2	175.058700	2370494.000000	2370523.000000	-29.000000
966.859000	966.940889	4.952563E-4	1.100249E-2	174.977000	2374846.000000	2374913.000000	-67.000000
966.868000	966.950846	4.939578E-4	1.097373E-2	175.007600	2379396.000000	2379425.000000	-29.000000
966.876000	966.960803	4.957838E-4	1.101605E-2	175.006600	2383793.000000	2383823.000000	-30.000000
966.887000	966.970760	4.967606E-4	1.103559E-2	175.146900	2388293.000000	2388321.000000	-28.000000
966.897000	966.980717	4.949020E-4	1.099681E-2	175.196500	2392786.000000	2392815.000000	-29.000000
966.905000	966.990674	4.936529E-4	1.096519E-2	175.246700	2397141.000000	2397208.000000	-67.000000
966.913000	967.000630	4.927119E-4	1.094318E-2	175.144100	2401688.000000	2401716.000000	-28.000000
966.923000	967.010587	4.965144E-4	1.102880E-2	175.078300	2406186.000000	2406214.000000	-28.000000
966.934000	967.020543	4.961589E-4	1.101930E-2	175.168500	2410687.000000	2410714.000000	-27.000000
966.944000	967.030499	4.957581E-4	1.100825E-2	175.077500	2415179.000000	2415207.000000	-28.000000
966.951000	967.040455	4.948145E-4	1.098754E-2	174.970200	2419678.000000	2419708.000000	-30.000000
966.961000	967.050410	4.977605E-4	1.104757E-2	174.939500	2424079.000000	2424106.000000	-27.000000
966.971000	967.060366	4.983036E-4	1.105224E-2	174.922500	2428578.000000	2428608.000000	-30.000000
966.983000	967.070322	4.963734E-4	1.100356E-2	174.877100	2433073.000000	2433101.000000	-28.000000
966.990000	967.080277	4.951108E-4	1.096888E-2	174.839100	2437571.000000	2437599.000000	-28.000000
966.998000	967.090075	4.949533E-4	1.095667E-2	174.803700	2441972.000000	2442001.000000	-29.000000
967.008000	967.099952	4.985177E-4	1.102530E-2	174.767900	2446471.000000	2446500.000000	-29.000000
967.016000	967.109828	4.976052E-4	1.099783E-2	174.837400	2450968.000000	2450997.000000	-29.000000
967.024000	967.119783	4.974979E-4	1.098947E-2	174.897600	2455464.000000	2455495.000000	-31.000000
967.034000	967.129659	4.967843E-4	1.096667E-2	174.938600	2459866.000000	2459894.000000	-28.000000
967.045000	967.139614	4.999790E-4	1.102873E-2	174.844200	2464363.000000	2464391.000000	-28.000000
967.053000	967.149568	4.988498E-4	1.099759E-2	175.007700	2468765.000000	2468794.000000	-29.000000
967.062000	967.159522	4.980872E-4	1.097470E-2	174.955200	2473263.000000	2473292.000000	-29.000000
967.071000	967.169476	4.953954E-4	1.091022E-2	174.979300	2477760.000000	2477791.000000	-31.000000
967.081000	967.179430	4.971053E-4	1.094461E-2	175.008200	2482261.000000	2482291.000000	-30.000000
967.088000	967.189305	4.996101E-4	1.099737E-2	175.009400	2486771.000000	2486800.000000	-29.000000
967.097000	967.199259	4.999719E-4	1.100530E-2	174.952900	2491271.000000	2491301.000000	-30.000000
967.105000	967.209212	4.983649E-4	1.097122E-2	175.003800	2495765.000000	2495794.000000	-29.000000
967.114000	967.219166	4.993907E-4	1.099652E-2	174.986900	2500264.000000	2500292.000000	-28.000000
967.126000	967.229119	5.017646E-4	1.105305E-2	174.989200	2504761.000000	2504790.000000	-29.000000
967.134000	967.238993	5.005529E-4	1.102923E-2	174.979100	2509166.000000	2509196.000000	-30.000000
967.143000	967.248789	4.996303E-4	1.101265E-2	174.981200	2513661.000000	2513690.000000	-29.000000
967.153000	967.258664	4.964919E-4	1.094689E-2	174.949600	2518157.000000	2518186.000000	-29.000000
967.161000	967.268616	4.985337E-4	1.099491E-2	174.981300	2522658.000000	2522688.000000	-30.000000
967.169000	967.278568	4.990557E-4	1.100780E-2	174.995600	2527151.000000	2527180.000000	-29.000000
967.176000	967.288521	5.006401E-4	1.104446E-2	175.083600	2531649.000000	2531677.000000	-28.000000
967.189000	967.298473	4.980954E-4	1.099202E-2	175.079200	2536050.000000	2536079.000000	-29.000000
967.198000	967.308346	4.996769E-4	1.102839E-2	175.014800	2540549.000000	2540577.000000	-28.000000
967.209000	967.317985	4.997581E-4	1.103213E-2	175.025000	2545049.000000	2545078.000000	-29.000000
967.215000	967.328015	5.000910E-4	1.103733E-2	174.981700	2549544.000000	2549573.000000	-29.000000
967.226000	967.337888	4.966728E-4	1.095835E-2	174.963600	2554047.000000	2554075.000000	-28.000000
967.234000	967.347839	4.945348E-4	1.090822E-2	174.911600	2558412.000000	2558479.000000	-67.000000
967.244000	967.357712	4.947867E-4	1.091023E-2	174.912300	2562946.000000	2562976.000000	-30.000000
967.251000	967.367663	4.968067E-4	1.095181E-2	174.909200	2567446.000000	2567477.000000	-31.000000
967.260000	967.377536	4.969860E-4	1.095122E-2	174.942000	2571956.000000	2571984.000000	-28.000000
967.269000	967.387408	4.950326E-4	1.090446E-2	174.955000	2576450.000000	2576479.000000	-29.000000
967.278000	967.397359	4.955777E-4	1.091108E-2	174.959300	2580949.000000	2580976.000000	-27.000000
967.286000	967.407309	4.953292E-4	1.089974E-2	174.963500	2585444.000000	2585473.000000	-29.000000
967.296000	967.417103	4.950251E-4	1.088411E-2	174.968700	2589946.000000	2589973.000000	-27.000000
967.305000	967.427053	4.934911E-4	1.085052E-2	174.949100	2594440.000000	2594467.000000	-27.000000
967.315000	967.437003	4.942335E-4	1.086388E-2	174.929300	2598841.000000	2598871.000000	-30.000000
967.324000	967.446953	4.935665E-4	1.084724E-2	175.112500	2603340.000000	2603370.000000	-30.000000
967.332000	967.456903	4.972237E-4	1.092482E-2	175.126500	2607836.000000	2607868.000000	-32.000000
967.340000	967.466852	4.969085E-4	1.091767E-2	175.076100	2612335.000000	2612362.000000	-27.000000
967.348000	967.476802	4.977269E-4	1.093308E-2	175.029800	2616829.000000	2616856.000000	-27.000000
967.357000	967.486751	4.966054E-4	1.090906E-2	174.993700	2621236.000000	2621264.000000	-28.000000
967.366000	967.496700	4.992182E-4	1.096549E-2	174.975100	2625733.000000	2625763.000000	-30.000000
967.375000	967.506649	4.991678E-4	1.096928E-2	174.965100	2630230.000000	2630259.000000	-29.000000
967.386000	967.516598	4.981827E-4	1.094637E-2	175.029000	2634730.000000	2634763.000000	-33.000000
967.395000	967.526233	4.964680E-4	1.090433E-2	175.061400	2639341.000000	2639370.000000	-29.000000
967.403000	967.536104	4.968608E-4	1.090926E-2	175.148000	2643830.000000	2643858.000000	-28.000000
967.411000	967.546052	4.991720E-4	1.095373E-2	175.124500	2648332.000000	2648361.000000	-29.000000
967.422000	967.555922	5.001935E-4	1.096838E-2	175.266900	2652830.000000	2652856.000000	-26.000000
967.428000	967.565713	4.998588E-4	1.095495E-2	175.405400	2657329.000000	2657358.000000	-29.000000
967.437000	967.575583	4.992868E-4	1.093527E-2	175.411300	2661824.000000	2661853.000000	-29.000000
967.447000	967.585453	5.016455E-4	1.097873E-2	175.215700	2666178.000000	2666257.000000	-79.000000
967.459000	967.595322	5.008454E-4	1.095013E-2	175.108700	2670721.000000	2670751.000000	-30.000000
967.468000	967.605191	5.009546E-4	1.094145E-2	175.060600	2675216.000000	2675241.000000	-25.000000
967.475000	967.615217	4.976409E-4	1.086000E-2	174.940200	2679619.000000	2679646.000000	-27.000000
967.484000	967.625007	4.984609E-4	1.086561E-2	174.893700	2684026.000000	2684055.000000	-29.000000
967.494000	967.634876	4.994956E-4	1.087403E-2	174.881900	2688522.000000	2688550.000000	-28.000000
967.502000	967.644823	5.017538E-4	1.091313E-2	174.892300	2692922.000000	2692951.000000	-29.000000
967.509000	967.654770	4.994529E-4	1.085182E-2	174.896900	2697421.000000	2697447.000000	-26.000000
967.518000	967.664560	5.005550E-4	1.086484E-2	174.847900	2701920.000000	2701951.000000	-31.000000
967.528000	967.674507	4.999619E-4	1.084298E-2	174.855600	2706414.000000	2706443.000000	-29.000000
967.537000	967.684453	5.018233E-4	1.087532E-2	174.842600	2710908.000000	2710938.000000	-30.000000
967.546000	967.694399	4.999161E-4	1.082720E-2	174.850800	2715317.000000	2715344.000000	-27.000000
967.555000	967.704267	4.987406E-4	1.079531E-2	174.927000	2719813.000000	2719841.000000	-28.000000
967.565000	967.714134	4.979853E-4	1.077220E-2	174.836500	2724310.000000	2724338.000000	-28.000000
967.574000	967.724080	5.005169E-4	1.082323E-2	174.862100	2728804.000000	2728834.000000	-30.000000
967.583000	967.733948	5.016377E-4	1.084341E-2	174.930400	2733302.000000	2733331.000000	-29.000000
967.591000	967.743893	5.007480E-4	1.082233E-2	174.925600	2737815.000000	2737845.000000	-30.000000
967.600000	967.753838	5.007537E-4	1.082307E-2	174.905800	2742160.000000	2742232.000000	-72.000000
967.610000	967.763784	5.007024E-4	1.082024E-2	174.913800	2746706.000000	2746735.000000	-29.000000
967.618000	967.773729	5.025163E-4	1.086049E-2	174.999500	2751065.000000	2751133.000000	-68.000000
967.627000	967.783674	4.998783E-4	1.080221E-2	174.951600	2755503.000000	2755533.000000	-30.000000
967.636000	967.793148	4.991501E-4	1.078632E-2	174.918200	2760005.000000	2760035.000000	-30.000000
967.646000	967.803015	4.970485E-4	1.073766E-2	174.939000	2764497.000000	2764525.000000	-28.000000
967.654000	967.812959	5.003321E-4	1.080555E-2	175.013000	2768897.000000	2768925.000000	-28.000000
967.663000	967.822982	4.999800E-4	1.079366E-2	174.996200	2773399.000000	2773424.000000	-25.000000
967.672000	967.832848	5.010304E-4	1.081200E-2	175.015900	2777760.000000	2777828.000000	-68.000000
967.681000	967.842713	4.994009E-4	1.077084E-2	175.015900	2782201.000000	2782229.000000	-28.000000
967.689000	967.852657	5.008092E-4	1.079399E-2	175.088800	2786701.000000	2786730.000000	-29.000000
967.699000	967.862523	5.008129E-4	1.078817E-2	175.087100	2791196.000000	2791224.000000	-28.000000
967.707000	967.872388	5.000934E-4	1.076684E-2	175.051100	2795650.000000	2795720.000000	-70.000000
967.717000	967.882253	4.981353E-4	1.071422E-2	175.060700	2800189.000000	2800217.000000	-28.000000
967.726000	967.892197	4.975499E-4	1.069196E-2	175.001800	2804689.000000	2804719.000000	-30.000000
967.739000	967.901983	5.003095E-4	1.073944E-2	174.945600	2809201.000000	2809228.000000	-27.000000
967.746000	967.911848	5.006239E-4	1.073643E-2	175.126500	2813701.000000	2813733.000000	-32.000000
967.755000	967.921791	5.011240E-4	1.073583E-2	175.119700	2818197.000000	2818226.000000	-29.000000
967.763000	967.931655	4.992458E-4	1.068573E-2	174.974700	2822695.000000	2822724.000000	-29.000000
967.772000	967.941363	5.012456E-4	1.072060E-2	174.950900	2827190.000000	2827218.000000	-28.000000
967.780000	967.951305	5.001174E-4	1.068930E-2	174.906200	2831689.000000	2831719.000000	-30.000000
967.790000	967.961247	5.005120E-4	1.069096E-2	174.864700	2836185.000000	2836213.000000	-28.000000
967.800000	967.971190	4.970356E-4	1.060764E-2	174.906500	2840588.000000	2840615.000000	-27.000000
967.811000	967.981132	4.985920E-4	1.063242E-2	174.975500	2845089.000000	2845117.000000	-28.000000
967.818000	967.991073	4.991614E-4	1.063747E-2	174.934900	2849581.000000	2849610.000000	-29.000000
967.828000	968.001015	5.012331E-4	1.067201E-2	174.996400	2853984.000000	2854012.000000	-28.000000
967.836000	968.010878	5.002496E-4	1.064194E-2	175.025500	2858388.000000	2858416.000000	-28.000000
967.844000	968.020820	5.004499E-4	1.063692E-2	175.025400	2862789.000000	2862819.000000	-30.000000
967.852000	968.030761	5.006401E-4	1.063024E-2	175.019600	2867286.000000	2867317.000000	-31.000000
967.863000	968.040624	5.008986E-4	1.062564E-2	175.004800	2871739.000000	2871807.000000	-68.000000
967.873000	968.050486	5.001837E-4	1.059657E-2	175.000300	2876277.000000	2876307.000000	-30.000000
967.882000	968.060427	4.971282E-4	1.051841E-2	174.977000	2880679.000000	2880708.000000	-29.000000
967.890000	968.070446	4.982327E-4	1.052760E-2	175.054700	2885180.000000	2885209.000000	-29.000000
967.900000	968.080308	4.987984E-4	1.052104E-2	175.046100	2889676.000000	2889707.000000	-31.000000
967.909000	968.090092	5.012492E-4	1.055433E-2	175.046500	2894173.000000	2894202.000000	-29.000000
967.917000	968.100032	4.998049E-4	1.050439E-2	175.014700	2898673.000000	2898701.000000	-28.000000
967.925000	968.109973	5.014034E-4	1.051679E-2	174.981500	2903169.000000	2903197.000000	-28.000000
967.935000	968.119912	5.009831E-4	1.048658E-2	174.923100	2907668.000000	2907699.000000	-31.000000
967.944000	968.129852	5.024211E-4	1.049412E-2	174.895800	2912165.000000	2912194.000000	-29.000000
967.955000	968.139792	5.008257E-4	1.043560E-2	174.957700	2916675.000000	2916704.000000	-29.000000
967.973000	968.119834	5.015401E-4	1.041495E-2	175.007300	2980124.000000	2980187.000000	-63.000000
967.982000	968.129774	5.026155E-4	1.041564E-2	175.046900	2984645.000000	2984675.000000	-30.000000
967.992000	968.139714	5.046080E-4	1.043331E-2	175.024700	2989152.000000	2989182.000000	-30.000000
968.000000	968.149653	5.033939E-4	1.038788E-2	175.007600	2993662.000000	2993691.000000	-29.000000
968.009000	968.159592	5.050797E-4	1.040163E-2	175.104300	2998158.000000	2998187.000000	-29.000000
968.019000	968.169532	5.043506E-4	1.036609E-2	175.175200	3002656.000000	3002684.000000	-28.000000
968.028000	968.179549	5.050677E-4	1.036171E-2	175.109800	3007151.000000	3007181.000000	-30.000000
968.039000	968.189566	5.028463E-4	1.029782E-2	175.012200	3011555.000000	3011584.000000	-29.000000
968.050000	968.199505	5.022003E-4	1.026646E-2	175.018800	3016052.000000	3016081.000000	-29.000000
968.059000	968.209443	5.031875E-4	1.026841E-2	174.953500	3020550.000000	3020579.000000	-29.000000
968.069000	968.219460	5.043798E-4	1.027230E-2	175.032500	3025047.000000	3025075.000000	-28.000000
968.077000	968.229398	5.062157E-4	1.028901E-2	175.149800	3029447.000000	3029475.000000	-28.000000
968.086000	968.239336	5.046896E-4	1.023932E-2	175.104500	3033947.000000	3033976.000000	-29.000000
968.096000	968.249353	5.058127E-4	1.023867E-2	175.075900	3038444.000000	3038473.000000	-29.000000
968.107000	968.259212	5.046547E-4	1.018870E-2	175.023500	3042941.000000	3042968.000000	-27.000000
968.116000	968.269150	5.041638E-4	1.015562E-2	174.912100	3047343.000000	3047371.000000	-28.000000
968.126000	968.279088	5.017905E-4	1.008607E-2	174.933100	3051839.000000	3051868.000000	-29.000000
968.135000	968.289025	5.012846E-4	1.004784E-2	174.932700	3056335.000000	3056365.000000	-30.000000
968.145000	968.299041	5.026924E-4	1.004745E-2	174.898700	3060834.000000	3060863.000000	-29.000000
968.154000	968.308978	5.030407E-4	1.002212E-2	174.887900	3065332.000000	3065359.000000	-27.000000
968.162000	968.318993	5.039672E-4	1.000957E-2	174.909100	3069830.000000	3069793.000000	37.000000
968.172000	968.328851	5.019916E-4	9.933554E-3	174.896600	3074190.000000	3074259.000000	-69.000000
968.183000	968.338866	5.038421E-4	9.931148E-3	174.889100	3078731.000000	3078760.000000	-29.000000
968.191000	968.348881	5.027565E-4	9.875321E-3	174.997200	3083226.000000	3083254.000000	-28.000000
968.201000	968.358896	5.024762E-4	9.832062E-3	174.964800	3087740.000000	3087766.000000	-26.000000
968.211000	968.368676	5.008077E-4	9.759555E-3	174.925500	3092238.000000	3092269.000000	-31.000000
968.221000	968.378612	5.014563E-4	9.732002E-3	175.008500	3096731.000000	3096760.000000	-29.000000
968.230000	968.388548	5.036967E-4	9.740881E-3	175.079900	3101095.000000	3101163.000000	-68.000000
968.237000	968.398562	5.038197E-4	9.704697E-3	175.134900	3105635.000000	3105663.000000	-28.000000
968.248000	968.408419	4.040427E-4	9.664752E-3	175.096500	3110028.000000	3110057.000000	-29.000000
968.257000	968.418354	5.020450E-4	9.579950E-3	175.079800	3114533.000000	3114561.000000	-28.000000
968.268000	968.428290	5.020940E-4	9.537139E-3	174.984600	3119030.000000	3119056.000000	-26.000000
968.276000	968.438303	5.002522E-4	9.461020E-3	175.009700	3123529.000000	3123556.000000	-27.000000
968.287000	968.448238	5.003728E-4	9.423364E-3	174.997100	3128028.000000	3128057.000000	-29.000000
968.296000	968.458095	5.009290E-4	9.392586E-3	174.939100	3132427.000000	3132454.000000	-27.000000
968.306000	968.468030	5.011741E-4	9.355083E-3	175.035400	3136829.000000	3136858.000000	-29.000000
968.314000	968.478043	5.043398E-4	9.372607E-3	175.030300	3141179.000000	3141247.000000	-68.000000
968.323000	968.487977	5.029665E-4	9.292787E-3	175.276900	3145721.000000	3145750.000000	-29.000000
968.334000	968.497990	5.035745E-4	9.248089E-3	175.191300	3150224.000000	3150253.000000	-29.000000
968.344000	968.508002	5.035814E-4	9.188442E-3	175.109600	3154724.000000	3154753.000000	-29.000000
968.354000	968.518014	5.038380E-4	9.136108E-3	175.038000	3159216.000000	3159245.000000	-29.000000
968.365000	968.527948	5.028244E-4	9.052439E-3	175.096900	3163717.000000	3163746.000000	-29.000000
968.375000	968.537882	5.010287E-4	8.957561E-3	175.147200	3168213.000000	3168242.000000	-29.000000
968.387000	968.547815	5.033284E-4	8.930749E-3	175.117300	3172713.000000	3172742.000000	-29.000000
968.395000	968.557749	5.034651E-4	8.868285E-3	175.088300	3177212.000000	3177241.000000	-29.000000
968.404000	968.567682	5.050537E-4	8.822402E-3	175.036100	3181708.000000	3181735.000000	-27.000000
968.415000	968.577693	5.037947E-4	8.722893E-3	174.990400	3186202.000000	3186233.000000	-31.000000
968.426000	968.587705	5.040576E-4	8.643958E-3	174.938000	3190606.000000	3190638.000000	-32.000000
968.435000	968.597716	5.056526E-4	8.592118E-3	174.868600	3195101.000000	3195130.000000	-29.000000
968.446000	968.607727	5.032844E-4	8.473203E-3	174.830500	3199601.000000	3199631.000000	-30.000000
968.455000	968.617737	5.035943E-4	8.399024E-3	174.909800	3204104.000000	3204136.000000	-32.000000
968.465000	968.627748	5.030201E-4	8.309893E-3	174.919000	3208614.000000	3208643.000000	-29.000000
968.472000	968.637680	5.051791E-4	8.269863E-3	174.895000	3213108.000000	3213140.000000	-32.000000
968.482000	968.647691	5.057551E-4	8.203384E-3	174.919300	3217604.000000	3217633.000000	-29.000000
968.491000	968.657701	5.054733E-4	8.119486E-3	174.866500	3222105.000000	3222136.000000	-31.000000
968.501000	968.667711	5.057793E-4	8.039104E-3	174.981400	3226510.000000	3226538.000000	-28.000000
968.512000	968.677642	5.048174E-4	7.941983E-3	175.080300	3231004.000000	3231032.000000	-28.000000
968.521000	968.687574	5.055287E-4	7.872109E-3	174.983200	3235501.000000	3235531.000000	-30.000000
968.532000	968.697583	5.022770E-4	7.739253E-3	174.984500	3239998.000000	3240027.000000	-29.000000
968.542000	968.707593	5.027912E-4	7.664071E-3	174.932200	3244497.000000	3244527.000000	-30.000000
968.549000	968.717602	5.027370E-4	7.590000E-3	174.867000	3248992.000000	3249021.000000	-29.000000
968.558000	968.727611	5.045522E-4	7.540063E-3	174.948300	3253490.000000	3253520.000000	-30.000000
968.569000	968.737620	5.054264E-4	7.469056E-3	174.978600	3257894.000000	3257922.000000	-28.000000
968.579000	968.747629	5.038783E-4	7.361889E-3	174.971600	3262390.000000	3262418.000000	-28.000000
968.589000	968.757638	5.053334E-4	7.307439E-3	174.948700	3266888.000000	3266918.000000	-30.000000
968.599000	968.767646	5.042100E-4	7.213126E-3	174.983600	3271388.000000	3271419.000000	-31.000000
968.609000	968.777576	5.042354E-4	7.137631E-3	174.975000	3275884.000000	3275912.000000	-28.000000
968.620000	968.787585	5.031590E-4	7.051289E-3	175.120500	3280398.000000	3280425.000000	-27.000000
968.625000	968.797593	8.004027E-1	6.993163E-3	175.208100	3284783.000000	3284812.000000	-29.000000
968.636000	968.807522	5.051508E-4	6.954387E-3	175.121100	3289155.000000	3289220.000000	-65.000000
968.645000	968.817530	5.057783E-4	6.896919E-3	175.135200	3293680.000000	3293709.000000	-29.000000
968.656000	968.827538	5.064872E-4	6.845989E-3	175.112300	3298180.000000	3298207.000000	-27.000000
968.665000	968.837545	5.044321E-4	6.765570E-3	175.097900	3302690.000000	3302720.000000	-30.000000
968.675000	968.847552	5.057835E-4	6.736272E-3	175.016800	3307188.000000	3307215.000000	-27.000000
968.685000	968.857560	5.043413E-4	6.670464E-3	175.071100	3311687.000000	3311715.000000	-28.000000
968.695000	968.867567	5.036899E-4	6.622907E-3	175.058300	3316142.000000	3316209.000000	-67.000000
968.702000	968.877574	5.030054E-4	6.584779E-3	175.201000	3320684.000000	3320713.000000	-29.000000
968.710000	968.887502	5.032695E-4	6.564361E-3	175.254800	3325179.000000	3325207.000000	-28.000000
968.721000	968.897509	5.056209E-4	6.573698E-3	175.129000	3329677.000000	3329707.000000	-30.000000
968.731000	968.907515	5.048057E-4	6.550696E-3	175.147400	3334050.000000	3334114.000000	-64.000000
968.741000	968.917521	5.050880E-4	6.547198E-3	175.062200	3338576.000000	3338605.000000	-29.000000
968.750000	968.927527	5.028604E-4	6.517111E-3	175.112800	3343074.000000	3343103.000000	-29.000000
968.763000	968.937533	5.038596E-4	6.537642E-3	175.054300	3347570.000000	3347599.000000	-29.000000
968.772000	968.947539	5.021562E-4	6.531537E-3	175.009000	3351934.000000	3352001.000000	-67.000000
968.781000	968.957467	5.010326E-4	6.535869E-3	174.915600	3356473.000000	3356502.000000	-29.000000
968.789000	968.967472	5.002665E-4	6.550010E-3	174.906800	3360970.000000	3360999.000000	-29.000000
968.800000	968.977478	5.013141E-4	6.597050E-3	174.932000	3365466.000000	3365495.000000	-29.000000
968.810000	968.987483	5.044989E-4	6.681504E-3	174.981800	3369868.000000	3369897.000000	-29.000000
968.820000	968.997410	5.025533E-4	6.700126E-3	174.950800	3374228.000000	3374308.000000	-80.000000
968.828000	969.007415	5.034764E-4	6.758239E-3	174.915100	3378767.000000	3378796.000000	-29.000000
968.839000	969.017420	5.022168E-4	6.798371E-3	174.848800	3383265.000000	3383294.000000	-29.000000
968.850000	969.027424	5.032283E-4	6.876235E-3	175.065800	3387761.000000	3387787.000000	-26.000000
968.856000	969.037350	5.023469E-4	6.922682E-3	175.241400	3392258.000000	3392284.000000	-26.000000
968.866000	969.047355	5.016801E-4	6.972768E-3	175.390600	3396662.000000	3396691.000000	-29.000000
968.876000	969.057359	5.030973E-4	7.065779E-3	175.365900	3401156.000000	3401185.000000	-29.000000
968.886000	969.067363	5.050289E-4	7.169276E-3	175.177100	3405656.000000	3405685.000000	-29.000000
968.895000	969.077289	5.075009E-4	7.276242E-3	175.096100	3410160.000000	3410191.000000	-31.000000
968.905000	969.087292	5.052388E-4	7.318025E-3	175.034000	3414668.000000	3414696.000000	-28.000000
968.915000	969.097296	5.062747E-4	7.413071E-3	174.912800	3419164.000000	3419194.000000	-30.000000
968.924000	969.107299	5.056608E-4	7.487105E-3	174.895700	3423659.000000	3423688.000000	-29.000000
968.932000	969.117225	5.058559E-4	7.566521E-3	174.914500	3428162.000000	3428191.000000	-29.000000
968.941000	969.127228	5.045956E-4	7.623859E-3	174.808100	3432657.000000	3432685.000000	-28.000000
968.951000	969.137231	5.040434E-4	7.697651E-3	174.817900	3437154.000000	3437183.000000	-29.000000
968.961000	969.147234	5.069220E-4	7.830852E-3	174.825600	3441651.000000	3441678.000000	-27.000000
968.971000	969.157158	5.080511E-4	7.928635E-3	174.800000	3446148.000000	3446178.000000	-30.000000
968.980000	969.167161	5.091290E-4	8.024939E-3	174.841600	3450647.000000	3450678.000000	-31.000000
968.991000	969.177163	5.063900E-4	8.075160E-3	174.829400	3455143.000000	3455171.000000	-28.000000
968.997000	969.187165	5.073537E-4	8.172574E-3	174.847700	3459649.000000	3459679.000000	-30.000000
969.007000	969.197089	5.059451E-4	8.229534E-3	174.844400	3464005.000000	3464087.000000	-82.000000
969.016000	969.207013	5.061688E-4	8.310457E-3	174.828700	3468541.000000	3468569.000000	-28.000000
969.027000	969.216937	5.041245E-4	8.369371E-3	174.842400	3473054.000000	3473084.000000	-30.000000
969.035000	969.226938	5.036806E-4	8.439335E-3	174.881400	3477552.000000	3477582.000000	-30.000000
969.046000	969.236940	5.063526E-4	8.568304E-3	175.106400	3482005.000000	3482071.000000	-66.000000
969.055000	969.246863	5.068577E-4	8.655958E-3	175.121100	3486546.000000	3486574.000000	-28.000000
969.066000	969.256786	5.069219E-4	8.742272E-3	175.253100	3491044.000000	3491073.000000	-29.000000
969.074000	969.266709	5.045814E-4	8.779574E-3	175.164700	3495544.000000	3495571.000000	-27.000000
969.082000	969.276710	5.059438E-4	8.871872E-3	175.066300	3500042.000000	3500074.000000	-32.000000
969.092000	969.286711	5.044293E-4	8.911333E-3	174.980100	3504535.000000	3504561.000000	-26.000000
969.102000	969.296633	5.039795E-4	8.976525E-3	174.954900	3509032.000000	3509059.000000	-27.000000
969.111000	969.306634	5.027417E-4	9.019791E-3	174.986000	3513529.000000	3513557.000000	-28.000000
969.119000	969.316634	5.035416E-4	9.093439E-3	174.986200	3518036.000000	3518064.000000	-28.000000
969.129000	969.326556	5.057885E-4	9.196208E-3	174.926200	3522543.000000	3522570.000000	-27.000000
969.141000	969.336478	8.004047E-1	9.267164E-3	174.906300	3526929.000000	3526957.000000	-28.000000
969.147000	969.346400	5.058272E-4	9.322450E-3	174.986300	3531435.000000	3531467.000000	-32.000000
969.156000	969.356321	5.037410E-4	9.335722E-3	175.039600	3535894.000000	3535962.000000	-68.000000
969.166000	969.366321	5.048027E-4	9.413334E-3	175.035100	3540299.000000	3540363.000000	-64.000000
969.176000	969.376242	5.029578E-4	9.437652E-3	175.077400	3544704.000000	3544769.000000	-65.000000
969.189000	969.386163	5.025774E-4	9.482822E-3	175.177600	3549227.000000	3549258.000000	-31.000000
969.196000	969.396084	5.006983E-4	9.493502E-3	175.209000	3553591.000000	3553658.000000	-67.000000
969.206000	969.406083	5.029803E-4	9.587419E-3	175.084400	3558124.000000	3558153.000000	-29.000000
969.216000	969.416082	5.055745E-4	9.688961E-3	175.044600	3562621.000000	3562652.000000	-31.000000
969.225000	969.426002	5.048390E-4	9.730502E-3	174.989600	3566992.000000	3567062.000000	-70.000000
969.234000	969.436001	5.047609E-4	9.771162E-3	174.914900	3571517.000000	3571546.000000	-29.000000
969.243000	969.445921	5.032389E-4	9.787779E-3	174.858900	3575922.000000	3575952.000000	-30.000000
969.254000	969.455841	5.045946E-4	9.862499E-3	174.941300	3580320.000000	3580350.000000	-30.000000
969.264000	969.465761	5.025485E-4	9.869933E-3	175.091600	3584722.000000	3584752.000000	-30.000000
969.273000	969.475759	5.032353E-4	9.919067E-3	175.038000	3589218.000000	3589245.000000	-27.000000
969.281000	969.485757	5.016116E-4	9.929258E-3	174.981800	3593624.000000	3593654.000000	-30.000000
969.290000	969.495676	5.050880E-4	1.003924E-2	174.929300	3598122.000000	3598150.000000	-28.000000
969.299000	969.505596	5.066769E-4	1.011436E-2	174.878500	3602614.000000	3602642.000000	-28.000000
969.308000	969.515593	5.060640E-4	1.013547E-2	174.826600	3607117.000000	3607147.000000	-30.000000
969.318000	969.525590	5.051997E-4	1.015182E-2	174.861400	3611614.000000	3611642.000000	-28.000000
969.328000	969.535587	5.043146E-4	1.016608E-2	175.037500	3616112.000000	3616142.000000	-30.000000
969.337000	969.545506	5.057381E-4	1.022269E-2	175.055400	3620609.000000	3620637.000000	-28.000000
969.346000	969.555503	5.037435E-4	1.020725E-2	175.199200	3625112.000000	3625140.000000	-28.000000
969.356000	969.565421	5.037841E-4	1.023183E-2	175.131600	3629619.000000	3629647.000000	-28.000000
969.363000	969.575418	5.027450E-4	1.022922E-2	175.114400	3634117.000000	3634146.000000	-29.000000
969.372000	969.585414	5.070532E-4	1.033917E-2	175.208000	3638613.000000	3638641.000000	-28.000000
969.382000	969.595332	5.069896E-4	1.035673E-2	175.108000	3643113.000000	3643141.000000	-28.000000
969.392000	969.605250	5.068038E-4	1.037324E-2	175.071000	3647469.000000	3647546.000000	-77.000000
969.401000	969.615246	5.051621E-4	1.035599E-2	175.151100	3652009.000000	3652038.000000	-29.000000
969.412000	969.625242	5.047050E-4	1.036352E-2	175.316300	3656510.000000	3656539.000000	-29.000000
969.420000	969.635159	5.050217E-4	1.038706E-2	175.154100	3661004.000000	3661033.000000	-29.000000
969.431000	969.645076	5.028787E-4	1.036120E-2	175.304000	3665503.000000	3665533.000000	-30.000000
969.437000	969.655072	5.030218E-4	1.038153E-2	175.179700	3670002.000000	3670032.000000	-30.000000
969.447000	969.665067	5.031039E-4	1.040302E-2	175.068400	3674501.000000	3674529.000000	-28.000000
969.455000	969.675062	5.076669E-4	1.051657E-2	174.937200	3678996.000000	3679026.000000	-30.000000
969.467000	969.684978	5.075728E-4	1.053740E-2	174.999500	3683493.000000	3683523.000000	-30.000000
969.476000	969.694973	5.079812E-4	1.056885E-2	174.965900	3687896.000000	3687925.000000	-29.000000
969.485000	969.704889	5.060919E-4	1.055293E-2	174.938600	3692393.000000	3692421.000000	-28.000000
969.495000	969.714884	5.070744E-4	1.059528E-2	174.881600	3696896.000000	3696926.000000	-30.000000
969.505000	969.724800	5.071557E-4	1.062216E-2	174.839100	3701402.000000	3701431.000000	-29.000000
969.512000	969.734716	5.061657E-4	1.062209E-2	174.795200	3705901.000000	3705931.000000	-30.000000
969.521000	969.744632	5.056348E-4	1.063332E-2	174.809400	3710397.000000	3710426.000000	-29.000000
969.531000	969.754625	5.070518E-4	1.068610E-2	174.857700	3714763.000000	3714829.000000	-66.000000
969.540000	969.764541	5.111580E-4	1.079348E-2	174.996200	3719297.000000	3719327.000000	-30.000000
969.549000	969.774456	5.101733E-4	1.079067E-2	175.182100	3723797.000000	3723827.000000	-30.000000
969.559000	969.784450	5.096627E-4	1.079865E-2	175.260800	3728293.000000	3728322.000000	-29.000000
969.569000	969.794365	5.070106E-4	1.076048E-2	175.151300	3732789.000000	3732820.000000	-31.000000
969.576000	969.804280	5.084178E-4	1.080523E-2	175.069300	3737286.000000	3737312.000000	-26.000000
969.585000	969.814272	5.068391E-4	1.078511E-2	174.937800	3741785.000000	3741813.000000	-28.000000
969.594000	969.824265	5.070089E-4	1.080172E-2	174.979900	3746153.000000	3746218.000000	-65.000000
969.605000	969.834180	5.052645E-4	1.077620E-2	175.040500	3750683.000000	3750712.000000	-29.000000
969.614000	969.844094	5.081320E-4	1.084834E-2	175.055200	3755180.000000	3755211.000000	-31.000000
969.623000	969.854008	5.100493E-4	1.089665E-2	175.013300	3759680.000000	3759710.000000	-30.000000
969.632000	969.863922	5.091380E-4	1.088928E-2	174.983400	3764053.000000	3764120.000000	-67.000000
969.643000	969.873914	5.076165E-4	1.086556E-2	174.986900	3768577.000000	3768607.000000	-30.000000
969.651000	969.883828	5.051809E-4	1.082432E-2	174.920300	3773073.000000	3773103.000000	-30.000000
969.659000	969.893820	5.065631E-4	1.086310E-2	174.934700	3777479.000000	3777508.000000	-29.000000
969.669000	969.903733	5.043215E-4	1.082750E-2	174.869300	3781846.000000	3781914.000000	-68.000000
969.679000	969.913646	5.037585E-4	1.082647E-2	174.885200	3786377.000000	3786341.000000	36.000000
969.689000	969.923481	5.028803E-4	1.081831E-2	174.850600	3790777.000000	3790807.000000	-30.000000
969.697000	969.933316	5.063703E-4	1.090629E-2	174.836500	3795141.000000	3795207.000000	-66.000000
969.711000	969.943229	5.083690E-4	1.096601E-2	174.958800	3799676.000000	3799702.000000	-26.000000
969.717000	969.953142	5.072896E-4	1.095731E-2	174.903800	3804171.000000	3804200.000000	-29.000000
969.726000	969.963055	5.054445E-4	1.092972E-2	174.824000	3808673.000000	3808703.000000	-30.000000
969.736000	969.972967	5.049644E-4	1.093711E-2	174.849500	3813168.000000	3813198.000000	-30.000000
969.748000	969.982801	5.062722E-4	1.098313E-2	174.884300	3817667.000000	3817696.000000	-29.000000
969.757000	969.992635	5.038616E-4	1.094556E-2	174.897500	3822163.000000	3822192.000000	-29.000000
969.765000	970.002547	5.043352E-4	1.096769E-2	174.861300	3826566.000000	3826592.000000	-26.000000
969.775000	970.012459	5.045853E-4	1.098631E-2	174.818300	3830965.000000	3830994.000000	-29.000000
969.784000	970.022293	5.091810E-4	1.109888E-2	174.809600	3835464.000000	3835494.000000	-30.000000
969.793000	970.032204	5.091880E-4	1.110720E-2	174.853500	3839960.000000	3839987.000000	-27.000000
969.803000	970.042194	5.075279E-4	1.107872E-2	174.924600	3844458.000000	3844488.000000	-30.000000
969.812000	970.052183	5.063458E-4	1.105806E-2	174.851500	3848957.000000	3848983.000000	-26.000000
969.822000	970.062094	5.054921E-4	1.104453E-2	174.907300	3853469.000000	3853499.000000	-30.000000
969.831000	970.072005	5.064304E-4	1.106781E-2	174.879700	3857968.000000	3857996.000000	-28.000000
969.841000	970.081916	5.040856E-4	1.101936E-2	174.890300	3862431.000000	3862499.000000	-68.000000
969.850000	970.091827	5.050785E-4	1.103986E-2	174.931900	3866962.000000	3866992.000000	-30.000000
969.857000	970.101737	5.064757E-4	1.107256E-2	174.922800	3871315.000000	3871404.000000	-89.000000
969.867000	970.111726	5.110474E-4	1.117179E-2	174.930000	3875861.000000	3875888.000000	-27.000000
969.876000	970.121636	5.097609E-4	1.114392E-2	174.910700	3880358.000000	3880386.000000	-28.000000
969.887000	970.131546	5.088583E-4	1.112344E-2	175.075900	3884858.000000	3884886.000000	-28.000000
969.896000	970.141534	5.072286E-4	1.108919E-2	175.054100	3889355.000000	3889384.000000	-29.000000
969.907000	970.151522	5.071798E-4	1.109004E-2	175.011800	3893758.000000	3893786.000000	-28.000000
969.915000	970.161509	5.077323E-4	1.110500E-2	175.005700	3898158.000000	3898186.000000	-28.000000
969.924000	970.171341	5.055215E-4	1.106153E-2	175.035100	3902558.000000	3902587.000000	-29.000000
969.932000	970.181250	5.068804E-4	1.109883E-2	175.053500	3907056.000000	3907085.000000	-29.000000
969.942000	970.191159	5.083318E-4	1.113499E-2	175.102900	3911557.000000	3911586.000000	-29.000000
969.951000	970.201068	5.123898E-4	1.122865E-2	175.172100	3916050.000000	3916078.000000	-28.000000
969.962000	970.210899	5.100618E-4	1.118857E-2	175.065900	3920550.000000	3920577.000000	-27.000000
969.971000	970.220808	5.092016E-4	1.117637E-2	175.067700	3925048.000000	3925078.000000	-30.000000
969.981000	970.230795	5.071804E-4	1.114294E-2	175.036400	3929541.000000	3929571.000000	-30.000000
969.992000	970.240703	5.071239E-4	1.115175E-2	175.090100	3934035.000000	3934066.000000	-31.000000
969.999000	970.250533	5.068669E-4	1.115438E-2	175.050400	3938443.000000	3938472.000000	-29.000000
970.009000	970.260441	5.046647E-4	1.111125E-2	175.003300	3942944.000000	3942974.000000	-30.000000
970.017000	970.270427	5.068228E-4	1.116566E-2	174.982900	3947437.000000	3947468.000000	-31.000000
970.029000	970.280257	5.086477E-4	1.121131E-2	175.149200	3951936.000000	3951967.000000	-31.000000
970.038000	970.290087	5.112257E-4	1.127320E-2	175.091500	3956430.000000	3956461.000000	-31.000000
970.046000	970.300073	5.078591E-4	1.120254E-2	175.129100	3960941.000000	3960969.000000	-28.000000
970.057000	970.309980	5.066626E-4	1.117949E-2	175.189100	3965445.000000	3965473.000000	-28.000000
970.064000	970.319887	5.044123E-4	1.113871E-2	175.151900	3969945.000000	3969976.000000	-31.000000
970.074000	970.329794	5.051583E-4	1.114877E-2	175.112900	3974439.000000	3974466.000000	-27.000000
970.083000	970.339779	5.036192E-4	1.112073E-2	175.015400	3978937.000000	3978964.000000	-27.000000
970.095000	970.349608	5.025961E-4	1.110077E-2	174.974500	3983432.000000	3983460.000000	-28.000000
970.104000	970.359515	5.068154E-4	1.119573E-2	174.925600	3987933.000000	3987961.000000	-28.000000
970.112000	970.369421	5.081008E-4	1.122728E-2	175.000000	3992289.000000	3992381.000000	-92.000000
970.122000	970.379328	5.098355E-4	1.126983E-2	175.025200	3996831.000000	3996860.000000	-29.000000
970.131000	970.389156	5.063653E-4	1.119816E-2	174.959000	4001328.000000	4001356.000000	-28.000000
970.139000	970.399062	5.067060E-4	1.121171E-2	174.943900	4005733.000000	4005762.000000	-29.000000
970.148000	970.408968	5.051932E-4	1.118435E-2	174.922500	4010225.000000	4010255.000000	-30.000000
970.157000	970.418874	5.065762E-4	1.122068E-2	174.919300	4014723.000000	4014753.000000	-30.000000
970.168000	970.428780	5.040090E-4	1.117208E-2	174.844900	4019125.000000	4019153.000000	-28.000000
970.176000	970.438685	5.050861E-4	1.120353E-2	174.969800	4023625.000000	4023654.000000	-29.000000
970.186000	970.448590	5.076034E-4	1.126924E-2	174.913500	4028120.000000	4028150.000000	-30.000000
970.194000	970.458418	5.099975E-4	1.133139E-2	174.918900	4032614.000000	4032643.000000	-29.000000
970.203000	970.468323	5.098594E-4	1.133635E-2	174.867400	4037021.000000	4037050.000000	-29.000000
970.212000	970.478228	5.072311E-4	1.128782E-2	174.829900	4041515.000000	4041544.000000	-29.000000
970.222000	970.488210	5.062596E-4	1.127475E-2	174.815600	4045918.000000	4045948.000000	-30.000000
970.233000	970.498037	5.049425E-4	1.125189E-2	174.864900	4050418.000000	4050446.000000	-28.000000
970.241000	970.507864	5.061714E-4	1.129045E-2	174.844800	4054913.000000	4054943.000000	-30.000000
970.252000	970.517768	5.025880E-4	1.121370E-2	174.899600	4059415.000000	4059443.000000	-28.000000
970.261000	970.527750	5.047190E-4	1.126418E-2	174.882500	4063912.000000	4063942.000000	-30.000000
970.268000	970.537498	5.063421E-4	1.130265E-2	174.901600	4068417.000000	4068447.000000	-30.000000
970.278000	970.547324	5.091056E-4	1.136444E-2	174.952000	4072782.000000	4072851.000000	-69.000000
970.288000	970.557228	5.076149E-4	1.132940E-2	174.967100	4077307.000000	4077336.000000	-29.000000
970.298000	970.567209	5.044710E-4	1.125724E-2	174.950500	4081708.000000	4081736.000000	-28.000000
970.308000	970.577035	5.042330E-4	1.124763E-2	174.973200	4086201.000000	4086229.000000	-28.000000
970.316000	970.586860	5.029510E-4	1.121650E-2	175.027300	4090708.000000	4090737.000000	-29.000000
970.326000	970.596763	5.033602E-4	1.121962E-2	175.004400	4095215.000000	4095245.000000	-30.000000
970.333000	970.606666	5.007746E-4	1.115732E-2	175.196600	4099716.000000	4099746.000000	-30.000000
970.342000	970.616491	5.037412E-4	1.121929E-2	175.131500	4104211.000000	4104241.000000	-30.000000
970.352000	970.626316	5.057452E-4	1.125874E-2	175.120000	4108709.000000	4108737.000000	-28.000000
970.362000	970.636219	5.087617E-4	1.132318E-2	175.125900	4113110.000000	4113136.000000	-26.000000
970.372000	970.646121	5.056324E-4	1.124952E-2	175.066200	4117511.000000	4117541.000000	-30.000000
970.381000	970.655945	5.041812E-4	1.121243E-2	175.032200	4122011.000000	4122041.000000	-30.000000
970.391000	970.665847	5.035766E-4	1.120021E-2	175.108800	4126507.000000	4126536.000000	-29.000000
970.398000	970.675749	5.051708E-4	1.124027E-2	175.018500	4131001.000000	4131030.000000	-29.000000
970.408000	970.685573	5.051190E-4	1.124338E-2	175.017600	4135499.000000	4135527.000000	-28.000000
970.419000	970.695475	5.046205E-4	1.123449E-2	175.066600	4139904.000000	4139933.000000	-29.000000
970.428000	970.705376	5.072275E-4	1.129601E-2	175.069300	4144402.000000	4144429.000000	-27.000000
970.438000	970.715278	5.095822E-4	1.135447E-2	174.974900	4148900.000000	4148928.000000	-28.000000
970.448000	970.725179	5.119277E-4	1.141148E-2	175.034500	4153301.000000	4153332.000000	-31.000000
970.458000	970.735002	5.084653E-4	1.133921E-2	175.272700	4157798.000000	4157828.000000	-30.000000
970.466000	970.744903	5.076970E-4	1.132815E-2	175.436700	4162159.000000	4162227.000000	-68.000000
970.475000	970.754804	5.061934E-4	1.129924E-2	175.271800	4166696.000000	4166723.000000	-27.000000
970.485000	970.764783	5.069163E-4	1.131891E-2	175.141300	4171194.000000	4171222.000000	-28.000000
970.494000	970.774761	5.059073E-4	1.129921E-2	175.179000	4175691.000000	4175721.000000	-30.000000
970.504000	970.784661	5.058179E-4	1.129951E-2	175.336100	4180190.000000	4180218.000000	-28.000000
970.514000	970.794562	5.090181E-4	1.137314E-2	175.182500	4184687.000000	4184717.000000	-30.000000
970.524000	970.804384	5.104785E-4	1.140753E-2	175.100100	4189088.000000	4189114.000000	-26.000000
970.526000	970.814362	5.110873E-4	1.142177E-2	175.027000	4193452.000000	4193518.000000	-66.000000
970.535000	970.824261	5.066187E-4	1.132228E-2	175.024900	4197987.000000	4198014.000000	-27.000000
970.544000	970.834161	5.057598E-4	1.130276E-2	174.926500	4202388.000000	4202415.000000	-27.000000
970.555000	970.844061	5.043105E-4	1.127029E-2	174.861800	4206791.000000	4206821.000000	-30.000000
970.565000	970.853960	5.041688E-4	1.126736E-2	174.871900	4211289.000000	4211319.000000	-30.000000
970.573000	970.863781	5.026924E-4	1.123562E-2	174.860300	4215649.000000	4215717.000000	-68.000000
970.583000	970.873680	1.588331E-2	1.126928E-2	174.906900	4220078.000000	4220108.000000	-30.000000
970.592000	970.883501	5.076613E-4	1.135045E-2	174.962600	4224585.000000	4224615.000000	-30.000000
970.603000	970.893400	5.081101E-4	1.136501E-2	175.011000	4229087.000000	4229119.000000	-32.000000
970.610000	970.903221	5.077544E-4	1.136214E-2	174.992300	4233581.000000	4233609.000000	-28.000000
970.622000	970.913119	5.034084E-4	1.127137E-2	174.922400	4238080.000000	4238109.000000	-29.000000
970.630000	970.923017	5.036938E-4	1.128450E-2	174.918500	4242576.000000	4242606.000000	-30.000000
970.640000	970.932837	5.024014E-4	1.126257E-2	174.852500	4247075.000000	4247103.000000	-28.000000
970.647000	970.942735	5.028227E-4	1.127880E-2	174.846700	4251443.000000	4251512.000000	-69.000000
970.657000	970.952633	5.012320E-4	1.125207E-2	174.861500	4255973.000000	4256000.000000	-27.000000
970.666000	970.962531	5.038476E-4	1.131861E-2	174.854400	4260472.000000	4260504.000000	-32.000000
970.676000	970.972429	5.066695E-4	1.139113E-2	174.835400	4264840.000000	4264914.000000	-74.000000
970.686000	970.982248	5.065406E-4	1.139348E-2	174.909100	4269368.000000	4269397.000000	-29.000000
970.694000	970.992145	5.055521E-4	1.137807E-2	174.970000	4273868.000000	4273898.000000	-30.000000
970.704000	971.002043	5.014954E-4	1.129255E-2	175.115900	4278270.000000	4278298.000000	-28.000000
970.713000	971.012017	5.018203E-4	1.130362E-2	175.091500	4282672.000000	4282700.000000	-28.000000
970.723000	971.021914	4.999473E-4	1.126414E-2	175.061100	4287166.000000	4287197.000000	-31.000000
970.731000	971.031811	5.012356E-4	1.129415E-2	175.011400	4291666.000000	4291693.000000	-27.000000
970.742000	971.041708	5.006016E-4	1.127940E-2	175.118900	4296067.000000	4296095.000000	-28.000000
970.751000	971.051526	5.047505E-4	1.136966E-2	175.061300	4300567.000000	4300594.000000	-27.000000
970.761000	971.061500	5.069140E-4	1.141508E-2	175.173700	4305062.000000	4305090.000000	-28.000000
970.770000	971.071318	5.064510E-4	1.140096E-2	175.320700	4309464.000000	4309493.000000	-29.000000
970.779000	971.081058	5.048151E-4	1.135880E-2	175.396500	4313960.000000	4313988.000000	-28.000000
970.789000	971.090954	5.017017E-4	1.128299E-2	175.368500	4318366.000000	4318395.000000	-29.000000
970.799000	971.100850	5.027378E-4	1.130083E-2	175.239800	4322863.000000	4322892.000000	-29.000000
970.806000	971.110745	5.013438E-4	1.126583E-2	175.075200	4327263.000000	4327293.000000	-30.000000
970.815000	971.120641	5.028041E-4	1.129375E-2	174.943100	4331758.000000	4331785.000000	-27.000000
970.825000	971.130536	5.026361E-4	1.128457E-2	174.920500	4336258.000000	4336285.000000	-27.000000
970.835000	971.140431	5.071286E-4	1.138196E-2	174.894500	4340627.000000	4340693.000000	-66.000000
970.846000	971.150248	5.084996E-4	1.140764E-2	174.816200	4345160.000000	4345188.000000	-28.000000
970.852000	971.160143	5.083243E-4	1.140283E-2	174.830600	4349560.000000	4349590.000000	-30.000000
970.864000	971.169960	5.053006E-4	1.133517E-2	174.769400	4353957.000000	4353988.000000	-31.000000
970.871000	971.179854	5.026669E-4	1.127732E-2	174.752400	4358319.000000	4358389.000000	-70.000000
970.882000	971.189670	5.028851E-4	1.128203E-2	174.760600	4362848.000000	4362876.000000	-28.000000
970.888000	971.199565	5.020423E-4	1.126540E-2	174.921600	4367358.000000	4367387.000000	-29.000000
970.900000	971.209459	5.029746E-4	1.128773E-2	175.049900	4371854.000000	4371880.000000	-26.000000
970.910000	971.218963	5.031947E-4	1.129537E-2	174.986800	4376211.000000	4376293.000000	-82.000000
970.920000	971.228857	5.075426E-4	1.139593E-2	174.923200	4380612.000000	4380680.000000	-68.000000
970.927000	971.238828	5.071107E-4	1.138894E-2	175.087700	4385140.000000	4385168.000000	-28.000000
970.937000	971.248722	5.065551E-4	1.137907E-2	175.010100	4389653.000000	4389684.000000	-31.000000
970.946000	971.258615	5.025040E-4	1.129031E-2	174.940300	4394148.000000	4394177.000000	-29.000000
970.955000	971.268430	5.011209E-4	1.126111E-2	174.952600	4398520.000000	4398586.000000	-66.000000
970.963000	971.278323	5.001964E-4	1.123996E-2	174.898000	4403048.000000	4403074.000000	-26.000000
970.983000	971.298265	5.009870E-4	1.125887E-2	174.859900	4411943.000000	4411971.000000	-28.000000
971.003000	971.268197	5.080104E-4	1.142521E-2	175.005200	4537904.000000	4537933.000000	-29.000000
971.011000	971.278012	5.074652E-4	1.141012E-2	175.027800	4542412.000000	4542440.000000	-28.000000
971.022000	971.287905	5.065496E-4	1.138480E-2	174.996800	4546916.000000	4546944.000000	-28.000000
971.028000	971.297875	5.030461E-4	1.130363E-2	175.051200	4551409.000000	4551437.000000	-28.000000
971.040000	971.307690	5.032761E-4	1.130635E-2	175.054700	4555911.000000	4555942.000000	-31.000000
971.048000	971.317505	5.022512E-4	1.128261E-2	175.110400	4560408.000000	4560435.000000	-27.000000
971.057000	971.327397	5.032458E-4	1.130326E-2	175.058500	4564908.000000	4564938.000000	-30.000000
971.068000	971.337289	5.047858E-4	1.133729E-2	175.015900	4569402.000000	4569430.000000	-28.000000
971.077000	971.347103	5.065485E-4	1.137831E-2	175.257900	4573769.000000	4573840.000000	-71.000000
971.084000	971.356917	5.095532E-4	1.144624E-2	175.221200	4578300.000000	4578330.000000	-30.000000
971.095000	971.366731	5.088443E-4	1.143436E-2	175.078300	4582799.000000	4582829.000000	-30.000000
971.105000	971.376622	5.069639E-4	1.139724E-2	175.063500	4587296.000000	4587324.000000	-28.000000
971.114000	971.386436	5.023348E-4	1.129967E-2	174.977900	4591700.000000	4591728.000000	-28.000000
971.122000	971.396327	5.028380E-4	1.131442E-2	174.931900	4596196.000000	4596223.000000	-27.000000
971.132000	971.406140	5.012517E-4	1.128762E-2	175.143400	4600696.000000	4600722.000000	-26.000000
971.143000	971.415954	5.026140E-4	1.132742E-2	175.095600	4605191.000000	4605220.000000	-29.000000
971.149000	971.425844	5.027608E-4	1.133770E-2	175.049200	4609688.000000	4609719.000000	-31.000000
971.159000	971.435735	5.058661E-4	1.141461E-2	175.225800	4614194.000000	4614223.000000	-29.000000
971.168000	971.445548	5.069522E-4	1.144554E-2	175.233900	4618566.000000	4618633.000000	-67.000000
971.180000	971.455438	5.050350E-4	1.140991E-2	175.102200	4623085.000000	4623115.000000	-30.000000
971.187000	971.465328	5.030889E-4	1.136962E-2	175.031500	4627598.000000	4627630.000000	-32.000000
971.196000	971.475218	5.002786E-4	1.130890E-2	174.992500	4632098.000000	4632126.000000	-28.000000
971.205000	971.485030	4.994899E-4	1.129531E-2	174.963600	4636596.000000	4636625.000000	-29.000000
971.216000	971.494920	4.979109E-4	1.126055E-2	174.940900	4640995.000000	4641025.000000	-30.000000
971.223000	971.504810	5.001161E-4	1.131502E-2	174.930200	4645492.000000	4645520.000000	-28.000000
971.233000	971.514699	4.005135E-4	1.132287E-2	174.981200	4649888.000000	4649916.000000	-28.000000
971.242000	971.524589	5.045367E-4	1.141115E-2	174.983400	4654393.000000	4654424.000000	-31.000000
971.253000	971.534478	5.055155E-4	1.142852E-2	174.979600	4658888.000000	4658918.000000	-30.000000
971.262000	971.544445	5.053109E-4	1.142107E-2	175.164500	4663387.000000	4663415.000000	-28.000000
971.271000	971.554334	5.020421E-4	1.134281E-2	175.110200	4667762.000000	4667825.000000	-63.000000
971.282000	971.564145	4.994203E-4	1.128068E-2	175.064900	4672283.000000	4672311.000000	-28.000000
971.291000	971.573955	5.000670E-4	1.129074E-2	175.024200	4676780.000000	4676809.000000	-29.000000
971.301000	971.583844	4.992692E-4	1.126844E-2	175.033300	4681279.000000	4681309.000000	-30.000000
971.310000	971.593732	5.023222E-4	1.133518E-2	174.967000	4685775.000000	4685805.000000	-30.000000
971.324000	971.603620	5.023072E-4	1.133124E-2	174.937400	4690279.000000	4690309.000000	-30.000000
971.335000	971.613586	5.030902E-4	1.134798E-2	174.946300	4694774.000000	4694805.000000	-31.000000
971.345000	971.623474	5.030485E-4	1.134633E-2	174.942400	4699269.000000	4699296.000000	-27.000000
971.357000	971.633284	4.991070E-4	1.125862E-2	174.948100	4703674.000000	4703702.000000	-28.000000
971.364000	971.643249	4.980217E-4	1.123527E-2	175.125700	4708055.000000	4708124.000000	-69.000000
971.375000	971.653137	4.977723E-4	1.123107E-2	175.286700	4712569.000000	4712597.000000	-28.000000
971.385000	971.663024	4.984183E-4	1.124726E-2	175.119300	4716971.000000	4716997.000000	-26.000000
971.393000	971.672833	5.015888E-4	1.131831E-2	175.017200	4721471.000000	4721500.000000	-29.000000
971.402000	971.682720	5.025166E-4	1.133947E-2	174.998300	4725971.000000	4725998.000000	-27.000000
971.411000	971.692529	5.067513E-4	1.143338E-2	174.949100	4730466.000000	4730496.000000	-30.000000
971.423000	971.702260	5.052581E-4	1.139926E-2	174.969500	4734848.000000	4734913.000000	-65.000000
971.431000	971.712147	5.039814E-4	1.136814E-2	175.143900	4739365.000000	4739394.000000	-29.000000
971.440000	971.722033	4.999068E-4	1.127337E-2	175.034800	4743860.000000	4743888.000000	-28.000000
971.448000	971.731920	4.993035E-4	1.125726E-2	174.979300	4748359.000000	4748387.000000	-28.000000
971.460000	971.741728	4.997529E-4	1.126341E-2	174.893000	4752857.000000	4752888.000000	-31.000000
971.469000	971.751536	5.004888E-4	1.127767E-2	174.891100	4757363.000000	4757390.000000	-27.000000
971.478000	971.761344	5.031235E-4	1.133270E-2	174.843200	4761869.000000	4761901.000000	-32.000000
971.488000	971.771230	5.044992E-4	1.135993E-2	174.840400	4766361.000000	4766392.000000	-31.000000
971.498000	971.781115	5.076287E-4	1.142603E-2	174.854700	4770861.000000	4770889.000000	-28.000000
971.509000	971.791001	5.048321E-4	1.136054E-2	174.837900	4775361.000000	4775390.000000	-29.000000
971.516000	971.800808	5.022591E-4	1.130111E-2	174.874000	4779760.000000	4779788.000000	-28.000000
971.527000	971.810615	4.985133E-4	1.121612E-2	174.873400	4784259.000000	4784287.000000	-28.000000
971.537000	971.820422	4.973540E-4	1.119365E-2	174.925300	4788759.000000	4788786.000000	-27.000000
971.547000	971.830307	4.994598E-4	1.124552E-2	174.880400	4793254.000000	4793280.000000	-26.000000
971.558000	971.840114	4.995938E-4	1.125434E-2	174.878200	4797751.000000	4797782.000000	-31.000000
971.566000	971.849999	5.027109E-4	1.132994E-2	174.876600	4802250.000000	4802279.000000	-29.000000
971.577000	971.859883	5.033083E-4	1.135067E-2	174.903900	4806746.000000	4806773.000000	-27.000000
971.585000	971.869767	5.036591E-4	1.136680E-2	174.887600	4811244.000000	4811273.000000	-29.000000
971.598000	971.879496	4.995409E-4	1.128208E-2	174.948700	4815743.000000	4815772.000000	-29.000000
971.605000	971.889302	4.960004E-4	1.120849E-2	174.958800	4820257.000000	4820285.000000	-28.000000
971.616000	971.899108	4.955082E-4	1.120623E-2	174.984900	4824752.000000	4824781.000000	-29.000000
971.621000	971.908913	4.954811E-4	1.121381E-2	175.167900	4829249.000000	4829279.000000	-30.000000
971.633000	971.918719	4.990904E-4	1.130252E-2	175.158600	4833655.000000	4833684.000000	-29.000000
971.640000	971.928602	4.995756E-4	1.131822E-2	175.149700	4838150.000000	4838181.000000	-31.000000
971.652000	971.938486	5.039020E-4	1.142192E-2	175.165300	4842647.000000	4842672.000000	-25.000000
971.664000	971.948291	5.050222E-4	1.145013E-2	175.092100	4847146.000000	4847175.000000	-29.000000
971.673000	971.958252	5.021575E-4	1.138626E-2	175.016800	4851642.000000	4851670.000000	-28.000000
971.681000	971.968290	4.999035E-4	1.133441E-2	174.970000	4856137.000000	4856166.000000	-29.000000
971.692000	971.978172	4.960448E-4	1.124470E-2	174.954400	4860635.000000	4860661.000000	-26.000000
971.702000	971.988133	4.979714E-4	1.128512E-2	175.133600	4865134.000000	4865161.000000	-27.000000
971.712000	971.998093	5.000478E-4	1.132629E-2	175.159000	4869633.000000	4869663.000000	-30.000000
971.721000	972.008053	5.021628E-4	1.137150E-2	175.146300	4874131.000000	4874160.000000	-29.000000
971.731000	972.017935	5.048807E-4	1.142551E-2	175.058000	4878641.000000	4878671.000000	-30.000000
971.744000	972.027894	5.047158E-4	1.141613E-2	174.981200	4883141.000000	4883170.000000	-29.000000
971.753000	972.037854	5.035250E-4	1.138063E-2	174.941100	4887640.000000	4887669.000000	-29.000000
971.761000	972.047813	4.969239E-4	1.122226E-2	175.040200	4892137.000000	4892174.000000	-37.000000
971.772000	972.057695	4.959859E-4	1.120245E-2	175.200700	4896633.000000	4896662.000000	-29.000000
971.785000	972.067420	4.973807E-4	1.123330E-2	175.332900	4901127.000000	4901159.000000	-32.000000
971.792000	972.077379	4.982831E-4	1.125264E-2	175.453700	4905627.000000	4905655.000000	-28.000000
971.804000	972.087105	5.016875E-4	1.133409E-2	175.325600	4910126.000000	4910155.000000	-29.000000
971.810000	972.096986	5.014060E-4	1.132843E-2	175.187700	4914625.000000	4914652.000000	-27.000000
971.823000	972.106944	5.045548E-4	1.140617E-2	175.084200	4919121.000000	4919151.000000	-30.000000
971.832000	972.116902	5.018568E-4	1.134611E-2	174.976600	4923619.000000	4923648.000000	-29.000000
971.844000	972.126783	4.968717E-4	1.123283E-2	174.947200	4927998.000000	4928064.000000	-66.000000
971.852000	972.136741	4.949578E-4	1.119274E-2	174.920000	4932397.000000	4932465.000000	-68.000000
971.863000	972.146621	4.944357E-4	1.118758E-2	174.863300	4936919.000000	4936948.000000	-29.000000
971.872000	972.156579	4.977231E-4	1.126903E-2	174.848900	4941415.000000	4941443.000000	-28.000000
971.882000	972.166458	4.994997E-4	1.130287E-2	174.858300	4945914.000000	4945943.000000	-29.000000
971.893000	972.176416	5.028556E-4	1.137634E-2	174.788600	4950423.000000	4950453.000000	-30.000000
971.903000	972.186295	5.050971E-4	1.142783E-2	174.784000	4954925.000000	4954952.000000	-27.000000
971.914000	972.196252	5.036358E-4	1.139118E-2	174.806000	4959420.000000	4959449.000000	-29.000000
971.923000	972.206209	5.018480E-4	1.134689E-2	174.819900	4963921.000000	4963952.000000	-31.000000



