971.898000	972.128261	5.041769E-4	1.133853E-2	200.146200	6751818.000000	6751846.000000	-28.000000
971.885000	972.118303	5.022698E-4	1.130324E-2	200.042900	6756316.000000	6756345.000000	-29.000000
971.876000	972.108422	5.001046E-4	1.126158E-2	200.186000	6760813.000000	6760840.000000	-27.000000
971.866000	972.098464	4.962364E-4	1.118220E-2	200.296800	6765314.000000	6765343.000000	-29.000000
971.859000	972.088583	4.964224E-4	1.119217E-2	200.337300	6769807.000000	6769835.000000	-28.000000
971.849000	972.078702	4.970404E-4	1.121308E-2	200.149500	6774307.000000	6774331.000000	-24.000000
971.840000	972.068821	5.025502E-4	1.134463E-2	200.103000	6778802.000000	6778832.000000	-30.000000
971.831000	972.058862	5.041997E-4	1.138755E-2	200.123700	6783297.000000	6783329.000000	-32.000000
971.822000	972.048980	5.060374E-4	1.143279E-2	200.023700	6787802.000000	6787832.000000	-30.000000
971.810000	972.039021	5.036153E-4	1.137816E-2	199.918300	6792310.000000	6792341.000000	-31.000000
971.800000	972.029139	5.013668E-4	1.132922E-2	199.806700	6796808.000000	6796836.000000	-28.000000
971.791000	972.019102	4.998026E-4	1.129173E-2	199.756800	6801306.000000	6801335.000000	-29.000000
971.783000	972.009142	4.979034E-4	1.124553E-2	199.734500	6805803.000000	6805832.000000	-29.000000
971.773000	971.999493	4.981989E-4	1.124550E-2	199.692700	6810189.000000	6810268.000000	-79.000000
971.763000	971.989611	4.989364E-4	1.125143E-2	199.839500	6814706.000000	6814734.000000	-28.000000
971.755000	971.979651	5.047126E-4	1.137775E-2	199.909700	6819201.000000	6819229.000000	-28.000000
971.745000	971.969768	5.081666E-4	1.145697E-2	199.887900	6823699.000000	6823727.000000	-28.000000
971.736000	971.959886	5.079143E-4	1.144763E-2	199.866500	6828193.000000	6828218.000000	-25.000000
971.723000	971.949925	5.055253E-4	1.139038E-2	199.799900	6832694.000000	6832723.000000	-29.000000
971.715000	971.939964	5.040335E-4	1.135746E-2	199.748700	6837090.000000	6837158.000000	-68.000000
971.704000	971.930081	5.017818E-4	1.129644E-2	199.773600	6841593.000000	6841617.000000	-24.000000
971.696000	971.920198	4.992293E-4	1.124156E-2	199.980600	6846089.000000	6846116.000000	-27.000000
971.686000	971.910392	5.019382E-4	1.129971E-2	199.988100	6850489.000000	6850516.000000	-27.000000
971.677000	971.900664	5.039407E-4	1.134632E-2	199.949000	6854986.000000	6855010.000000	-24.000000
971.669000	971.890858	5.081890E-4	1.144366E-2	199.873400	6859392.000000	6859419.000000	-27.000000
971.661000	971.880974	5.072065E-4	1.142400E-2	199.800500	6863792.000000	6863822.000000	-30.000000
971.662000	971.871168	4.924260E-4	1.109161E-2	199.746700	6868289.000000	6868316.000000	-27.000000
971.650000	971.861440	4.919089E-4	1.108290E-2	199.734900	6872787.000000	6872817.000000	-30.000000
971.640000	971.851555	4.881752E-4	1.099890E-2	199.748400	6877283.000000	6877313.000000	-30.000000
971.627000	971.841904	4.866297E-4	1.096692E-2	199.796200	6881676.000000	6881751.000000	-75.000000
971.622000	971.832020	4.846199E-4	1.092193E-2	199.851600	6886181.000000	6886211.000000	-30.000000
971.614000	971.822368	4.843980E-4	2.273373E-2	199.848000	6890681.000000	6890707.000000	-26.000000
971.597000	971.813184	4.895010E-4	1.103393E-2	200.215200	6930279.000000	6930232.000000	47.000000
971.585000	971.803377	4.947271E-4	1.114881E-2	200.271800	6934681.000000	6934709.000000	-28.000000
971.576000	971.793569	-7.996055E-1	1.111176E-2	200.122900	6939065.000000	6939095.000000	-30.000000
971.567000	971.783684	4.929325E-4	1.110062E-2	200.173400	6943465.000000	6943529.000000	-64.000000
971.557000	971.774110	4.898196E-4	1.102464E-2	200.080200	6947968.000000	6947998.000000	-30.000000
971.537000	971.756129	4.879604E-4	1.097035E-2	200.003500	7014863.000000	7014890.000000	-27.000000
971.529000	971.746321	4.887543E-4	1.098199E-2	199.998900	7019357.000000	7019385.000000	-28.000000
971.517000	971.736435	4.937820E-4	1.108774E-2	200.128400	7023759.000000	7023787.000000	-28.000000
971.497000	971.716662	4.994789E-4	1.120673E-2	199.986100	7032659.000000	7032686.000000	-27.000000
971.488000	971.706853	4.966213E-4	1.113816E-2	199.893100	7037047.000000	7037118.000000	-71.000000
971.479000	971.697045	4.954030E-4	1.111150E-2	199.871900	7041557.000000	7041585.000000	-28.000000
971.462000	971.680774	4.920792E-4	1.103687E-2	200.434000	7093944.000000	7093968.000000	-24.000000
971.454000	971.671121	4.917831E-4	1.103159E-2	200.331100	7098330.000000	7098409.000000	-79.000000
971.444000	971.661311	4.934802E-4	1.107137E-2	200.365700	7102845.000000	7102871.000000	-26.000000
971.436000	971.651502	1.545712E-2	2.276469E+2	200.445600	7107232.000000	7107262.000000	-30.000000
971.426000	971.641692	4.998547E-4	1.122106E-2	200.396000	7111742.000000	7111772.000000	-30.000000
971.414000	971.631883	5.019717E-4	1.127523E-2	200.235700	7116238.000000	7116269.000000	-31.000000
971.406000	971.621917	4.989680E-4	1.121061E-2	200.043700	7120633.000000	7120701.000000	-68.000000
971.396000	971.612107	4.979691E-4	1.119249E-2	199.935300	7125016.000000	7125097.000000	-81.000000
971.386000	971.602297	4.952694E-4	1.113655E-2	199.850700	7129528.000000	7129556.000000	-28.000000
971.367000	971.585323	4.949004E-4	1.113094E-2	199.971500	7173720.000000	7173744.000000	-24.000000
971.357000	971.575435	4.966675E-4	1.117080E-2	199.949600	7178124.000000	7178152.000000	-28.000000
971.347000	971.565624	5.013149E-4	1.127387E-2	199.830900	7182624.000000	7182650.000000	-26.000000
971.338000	971.555735	5.015976E-4	1.127979E-2	199.786200	7187118.000000	7187147.000000	-29.000000
971.328000	971.545924	5.023995E-4	1.129646E-2	199.897800	7191519.000000	7191547.000000	-28.000000
971.318000	971.536113	4.984047E-4	1.120348E-2	199.839700	7195911.000000	7195980.000000	-69.000000
971.307000	971.526224	4.969913E-4	1.117028E-2	199.957300	7200421.000000	7200448.000000	-27.000000
971.298000	971.516490	4.964295E-4	1.115353E-2	199.955000	7204812.000000	7204880.000000	-68.000000
971.288000	971.506757	4.959968E-4	1.114098E-2	199.889600	7209318.000000	7209345.000000	-27.000000
971.280000	971.496867	4.982227E-4	1.118202E-2	199.823200	7213813.000000	7213842.000000	-29.000000
971.270000	971.486977	4.990404E-4	1.119667E-2	199.817900	7218314.000000	7218341.000000	-27.000000
971.261000	971.477087	5.033144E-4	1.129185E-2	199.772800	7222810.000000	7222839.000000	-29.000000
971.251000	971.467353	5.027071E-4	1.127573E-2	199.751700	7227202.000000	7227279.000000	-77.000000
971.241000	971.457463	5.010330E-4	1.124170E-2	199.748900	7231705.000000	7231732.000000	-27.000000
971.232000	971.447650	4.975168E-4	2.093081E-2	199.871600	7236203.000000	7236233.000000	-30.000000
971.221000	971.437760	4.960743E-4	1.113453E-2	199.966600	7240702.000000	7240731.000000	-29.000000
971.213000	971.427947	4.973029E-4	1.116341E-2	200.108100	7245196.000000	7245225.000000	-29.000000
971.203000	971.417978	4.970855E-4	1.116096E-2	200.109200	7249603.000000	7249629.000000	-26.000000
971.195000	971.408087	4.997322E-4	1.122139E-2	199.993800	7254005.000000	7254030.000000	-25.000000
971.183000	971.398274	5.021379E-4	1.127884E-2	200.062800	7258397.000000	7258460.000000	-63.000000
971.175000	971.388461	5.060795E-4	1.136792E-2	200.145200	7262901.000000	7262927.000000	-26.000000
971.166000	971.378570	5.043489E-4	1.133048E-2	200.081800	7267399.000000	7267425.000000	-26.000000
971.155000	971.368756	5.031177E-4	1.130433E-2	200.021600	7271800.000000	7271828.000000	-28.000000
971.147000	971.358942	5.008046E-4	1.125080E-2	199.922200	7276204.000000	7276231.000000	-27.000000
971.136000	971.349128	5.007764E-4	1.124852E-2	199.867400	7280605.000000	7280633.000000	-28.000000
971.128000	971.339236	5.015390E-4	1.126137E-2	200.006300	7284996.000000	7285060.000000	-64.000000
971.118000	971.329422	5.019620E-4	1.126702E-2	200.125000	7289503.000000	7289533.000000	-30.000000
971.110000	971.319763	5.055218E-4	1.134189E-2	200.161400	7294001.000000	7294031.000000	-30.000000
971.098000	971.309949	5.074527E-4	1.137893E-2	200.326300	7298499.000000	7298530.000000	-31.000000
971.091000	971.300212	5.104685E-4	1.144020E-2	200.319800	7302995.000000	7303026.000000	-31.000000
971.080000	971.290397	5.075019E-4	1.136591E-2	200.263600	7307492.000000	7307519.000000	-27.000000
971.073000	971.280505	5.062785E-4	1.133155E-2	200.293300	7311990.000000	7312018.000000	-28.000000
971.062000	971.270689	5.033955E-4	1.125866E-2	200.130200	7316485.000000	7316514.000000	-29.000000
971.053000	971.261030	5.040519E-4	1.126473E-2	200.167000	7320885.000000	7320951.000000	-66.000000
971.043000	971.251137	5.042036E-4	1.126264E-2	200.236400	7325384.000000	7325450.000000	-66.000000
971.034000	971.241321	5.043552E-4	1.125901E-2	200.122700	7329883.000000	7329913.000000	-30.000000
971.024000	971.231506	5.077055E-4	1.132843E-2	200.010500	7334282.000000	7334351.000000	-69.000000
971.014000	971.221768	5.090064E-4	1.135304E-2	199.946200	7338778.000000	7338807.000000	-29.000000
971.006000	971.211874	5.104473E-4	1.138277E-2	199.844500	7343181.000000	7343208.000000	-27.000000
970.995000	971.201980	5.058777E-4	1.128083E-2	199.815200	7347579.000000	7347607.000000	-28.000000
970.986000	971.192086	5.035767E-4	1.123094E-2	199.810800	7351986.000000	7352014.000000	-28.000000
970.975000	971.182269	4.026493E-4	1.121027E-2	199.760900	7356383.000000	7356415.000000	-32.000000
970.968000	971.172375	5.031608E-4	1.122432E-2	199.715200	7360888.000000	7360918.000000	-30.000000
970.957000	971.162558	5.040608E-4	1.124639E-2	199.684600	7365383.000000	7365409.000000	-26.000000
970.949000	971.152663	5.048259E-4	1.126688E-2	199.690200	7369880.000000	7369909.000000	-29.000000
970.939000	971.142846	5.089954E-4	1.136231E-2	199.737300	7374381.000000	7374406.000000	-25.000000
970.930000	971.133029	5.098116E-4	1.138408E-2	199.813200	7378873.000000	7378902.000000	-29.000000
970.920000	971.123134	5.104631E-4	1.140285E-2	200.023800	7383373.000000	7383402.000000	-29.000000
970.901000	971.103499	5.058323E-4	1.130614E-2	199.903600	7392270.000000	7392299.000000	-29.000000
970.891000	971.093759	5.051586E-4	1.129232E-2	199.900800	7396773.000000	7396802.000000	-29.000000
970.884000	971.083786	5.065036E-4	1.132412E-2	199.938200	7401263.000000	7401294.000000	-31.000000
970.874000	971.073968	5.062967E-4	1.131913E-2	200.035800	7405661.000000	7405744.000000	-83.000000
970.866000	971.064150	5.082354E-4	1.136102E-2	200.096900	7410166.000000	7410195.000000	-29.000000
970.854000	971.054487	5.112827E-4	1.142616E-2	200.253600	7414667.000000	7414694.000000	-27.000000
970.846000	971.044591	5.116729E-4	1.143339E-2	200.186100	7419163.000000	7419192.000000	-29.000000
970.836000	971.034772	5.113235E-4	1.142300E-2	200.179300	7423663.000000	7423693.000000	-30.000000
970.827000	971.025109	5.067398E-4	1.131777E-2	200.308200	7428172.000000	7428202.000000	-30.000000
970.817000	971.015290	5.065248E-4	1.130980E-2	200.340400	7432669.000000	7432698.000000	-29.000000
970.809000	971.005316	5.052958E-4	1.128012E-2	200.392500	7437065.000000	7437131.000000	-66.000000
970.799000	970.995341	5.069054E-4	1.131343E-2	200.292100	7441564.000000	7441595.000000	-31.000000
970.789000	970.985521	8.756516E-2	1.130022E-2	200.284600	7445960.000000	7445989.000000	-29.000000
970.780000	970.975702	5.085199E-4	1.134532E-2	200.155600	7450467.000000	7450496.000000	-29.000000
970.770000	970.965726	5.110147E-4	1.139973E-2	200.031900	7454857.000000	7454921.000000	-64.000000
970.761000	970.955907	5.104740E-4	1.138910E-2	200.047300	7459360.000000	7459385.000000	-25.000000
970.743000	970.960115	5.039933E-4	1.124769E-2	199.954600	7517047.000000	7517075.000000	-28.000000
970.732000	970.950295	5.050073E-4	1.127027E-2	199.949500	7521445.000000	7521509.000000	-64.000000
970.725000	970.940397	5.043764E-4	1.125779E-2	200.096700	7525948.000000	7525977.000000	-29.000000
970.714000	970.930577	5.060622E-4	1.129675E-2	199.975500	7530447.000000	7530475.000000	-28.000000
970.707000	970.920757	5.058056E-4	1.128851E-2	199.867100	7534944.000000	7534974.000000	-30.000000
970.697000	970.910937	5.088532E-4	1.135541E-2	199.788200	7539438.000000	7539466.000000	-28.000000
970.689000	970.901038	5.110317E-4	1.140869E-2	199.897600	7543939.000000	7543970.000000	-31.000000
970.678000	970.891295	5.113212E-4	1.140677E-2	199.972800	7548437.000000	7548463.000000	-26.000000
970.670000	970.881397	5.086372E-4	1.134113E-2	199.913100	7552936.000000	7552960.000000	-24.000000
970.660000	970.871654	5.056390E-4	1.126719E-2	199.911500	7557329.000000	7557409.000000	-80.000000
970.651000	970.861677	5.061297E-4	1.127418E-2	199.882000	7561832.000000	7561861.000000	-29.000000
970.642000	970.851777	5.069755E-4	1.128882E-2	199.929700	7566328.000000	7566358.000000	-30.000000
970.631000	970.841956	5.083192E-4	4.090459E-1	199.837400	7570829.000000	7570858.000000	-29.000000
970.624000	970.832134	5.072526E-4	1.127650E-2	199.929200	7575329.000000	7575357.000000	-28.000000
970.614000	970.822235	5.109086E-4	1.134966E-2	200.022900	7579838.000000	7579866.000000	-28.000000
970.606000	970.812335	5.115380E-4	1.135553E-2	199.958300	7584338.000000	7584368.000000	-30.000000
970.596000	970.802435	5.126313E-4	1.137162E-2	200.077800	7588833.000000	7588862.000000	-29.000000
970.588000	970.792613	5.084291E-4	1.127081E-2	200.092400	7593331.000000	7593361.000000	-30.000000
970.578000	970.782713	5.070590E-4	1.123250E-2	200.215200	7597732.000000	7597802.000000	-70.000000
970.570000	970.772968	5.069440E-4	1.122339E-2	200.121400	7602228.000000	7602254.000000	-26.000000
970.559000	970.763146	5.088671E-4	1.126021E-2	200.180000	7606625.000000	7606688.000000	-63.000000
970.552000	970.753323	5.085746E-4	1.124951E-2	200.254200	7611127.000000	7611154.000000	-27.000000
970.542000	970.743812	5.094942E-4	1.126787E-2	200.135700	7615624.000000	7615648.000000	-24.000000
970.535000	970.733911	5.117546E-4	1.131431E-2	199.996300	7620124.000000	7620153.000000	-29.000000
970.526000	970.724088	5.140532E-4	1.136257E-2	199.950800	7624622.000000	7624651.000000	-29.000000
970.521000	970.714186	5.145225E-4	1.137367E-2	200.040400	7629112.000000	7629139.000000	-27.000000
970.512000	970.704363	5.110297E-4	1.129608E-2	199.933700	7633522.000000	7633592.000000	-70.000000
970.493000	970.694695	5.082726E-4	1.124159E-2	200.077300	7680416.000000	7680441.000000	-25.000000
970.485000	970.684794	5.107868E-4	1.129848E-2	200.052500	7684814.000000	7684844.000000	-30.000000
970.475000	970.674970	5.095091E-4	1.127347E-2	200.061000	7689313.000000	7689339.000000	-26.000000
970.467000	970.664990	5.112683E-4	1.131423E-2	199.995200	7693809.000000	7693837.000000	-28.000000
970.460000	970.655166	5.115426E-4	1.132194E-2	199.878900	7698305.000000	7698333.000000	-28.000000
970.449000	970.645341	5.151952E-4	1.140426E-2	199.765000	7702808.000000	7702837.000000	-29.000000
970.439000	970.635829	5.135539E-4	1.136848E-2	199.913600	7707303.000000	7707331.000000	-28.000000
970.430000	970.625848	5.108928E-4	1.131057E-2	200.093700	7711801.000000	7711830.000000	-29.000000
970.420000	970.616023	5.084291E-4	1.125244E-2	200.199400	7716296.000000	7716323.000000	-27.000000
970.408000	970.606120	5.081826E-4	1.124364E-2	200.112800	7720697.000000	7720766.000000	-69.000000
970.399000	970.596373	5.093166E-4	1.126560E-2	200.180500	7725198.000000	7725224.000000	-26.000000
970.393000	970.586470	5.074255E-4	1.121874E-2	200.063900	7729690.000000	7729720.000000	-30.000000
970.383000	970.576567	5.075200E-4	1.121129E-2	199.962500	7734097.000000	7734165.000000	-68.000000
970.373000	970.566741	5.089083E-4	1.124103E-2	199.960100	7738590.000000	7738618.000000	-28.000000
970.363000	970.556916	5.125317E-4	1.131685E-2	200.009600	7742994.000000	7743023.000000	-29.000000
970.354000	970.547090	5.100921E-4	1.125859E-2	199.972700	7747491.000000	7747519.000000	-28.000000
970.344000	970.537186	5.076710E-4	1.119984E-2	199.855600	7751986.000000	7752013.000000	-27.000000
970.335000	970.527360	5.047544E-4	1.113015E-2	199.820700	7756485.000000	7756515.000000	-30.000000
970.327000	970.517456	5.070305E-4	1.117693E-2	199.968600	7760888.000000	7760915.000000	-27.000000
970.318000	970.507630	5.074503E-4	1.118114E-2	199.951900	7765386.000000	7765412.000000	-26.000000
970.309000	970.497725	5.081629E-4	1.118855E-2	199.920000	7769883.000000	7769911.000000	-28.000000
970.300000	970.488054	5.083800E-4	1.118869E-2	200.053600	7774390.000000	7774420.000000	-30.000000
970.290000	970.478072	5.110293E-4	1.124580E-2	199.963000	7778895.000000	7778923.000000	-28.000000
970.280000	970.468323	5.133393E-4	1.129449E-2	199.873400	7783391.000000	7783419.000000	-28.000000
970.271000	970.458340	5.117372E-4	1.125933E-2	199.952900	7787888.000000	7787918.000000	-30.000000
970.262000	970.448434	5.098861E-4	1.121747E-2	199.908000	7792385.000000	7792415.000000	-30.000000
970.254000	970.438529	5.071113E-4	1.115428E-2	199.896600	7796882.000000	7796913.000000	-31.000000
970.244000	970.428858	5.104654E-4	1.122760E-2	199.809600	7801378.000000	7801402.000000	-24.000000
970.236000	970.418952	5.099235E-4	1.121471E-2	199.988100	7805879.000000	7805905.000000	-26.000000
970.226000	970.409046	5.115322E-4	1.124828E-2	200.014000	7810281.000000	7810344.000000	-63.000000
970.217000	970.399140	5.108280E-4	1.122996E-2	199.917600	7814776.000000	7814804.000000	-28.000000
970.207000	970.389312	5.143460E-4	1.130349E-2	199.867100	7819274.000000	7819304.000000	-30.000000
970.199000	970.379406	5.148439E-4	1.130871E-2	199.840300	7823772.000000	7823801.000000	-29.000000
970.190000	970.369733	5.134714E-4	1.127191E-2	199.971900	7828268.000000	7828294.000000	-26.000000
970.180000	970.359827	5.106017E-4	1.120083E-2	200.106900	7832784.000000	7832813.000000	-29.000000
970.171000	970.349998	5.091893E-4	1.116158E-2	200.036400	7837278.000000	7837303.000000	-25.000000
970.162000	970.340325	5.109483E-4	1.119150E-2	199.981300	7841778.000000	7841807.000000	-29.000000
970.153000	970.330418	5.108612E-4	1.118098E-2	200.095500	7846277.000000	7846303.000000	-26.000000
970.144000	970.320589	5.110846E-4	1.117500E-2	200.043500	7850674.000000	7850701.000000	-27.000000
970.135000	970.310682	5.107620E-4	1.115737E-2	200.186600	7855079.000000	7855106.000000	-27.000000
970.126000	970.300853	5.137032E-4	1.121077E-2	200.116500	7859573.000000	7859603.000000	-30.000000
970.117000	970.290945	5.134036E-4	1.119122E-2	200.225800	7863967.000000	7864041.000000	-74.000000
970.108000	970.281037	5.126938E-4	1.116774E-2	200.108700	7868475.000000	7868505.000000	-30.000000
970.098000	970.271208	5.076406E-4	1.104840E-2	200.187200	7872972.000000	7873002.000000	-30.000000
970.087000	970.261378	5.079708E-4	1.104614E-2	200.134200	7877471.000000	7877502.000000	-31.000000
970.080000	970.251391	5.084073E-4	1.104780E-2	200.179500	7881963.000000	7881990.000000	-27.000000
970.070000	970.241561	5.101444E-4	1.107939E-2	200.111200	7886464.000000	7886491.000000	-27.000000
970.061000	970.231809	5.096036E-4	1.106055E-2	200.000700	7890960.000000	7890988.000000	-28.000000
970.053000	970.221978	5.112023E-4	1.109151E-2	199.986200	7895360.000000	7895430.000000	-70.000000
970.044000	970.211991	5.136233E-4	1.113990E-2	200.016700	7899862.000000	7899889.000000	-27.000000
970.034000	970.202005	5.142984E-4	4.089218E-1	199.929600	7904356.000000	7904383.000000	-27.000000
970.024000	970.192174	5.132557E-4	1.112531E-2	199.831800	7908857.000000	7908887.000000	-30.000000
970.015000	970.182264	5.090826E-4	1.103167E-2	199.891800	7913353.000000	7913381.000000	-28.000000
970.006000	970.172355	5.105605E-4	1.106008E-2	199.821500	7917752.000000	7917783.000000	-31.000000
969.996000	970.162446	5.107403E-4	1.106066E-2	199.810700	7922249.000000	7922275.000000	-26.000000
969.988000	970.152614	5.126143E-4	1.109717E-2	199.817000	7926653.000000	7926681.000000	-28.000000
969.979000	970.142704	5.115167E-4	1.106883E-2	200.012900	7931149.000000	7931177.000000	-28.000000
969.970000	970.132794	5.138922E-4	1.111539E-2	200.039700	7935648.000000	7935675.000000	-27.000000
969.959000	970.122962	5.154995E-4	1.114194E-2	200.164300	7940146.000000	7940173.000000	-27.000000
969.949000	970.113130	5.152223E-4	1.112926E-2	200.119300	7944549.000000	7944576.000000	-27.000000
969.940000	970.103298	5.130780E-4	1.107296E-2	200.255800	7949042.000000	7949073.000000	-31.000000
969.931000	970.093465	5.099855E-4	1.099813E-2	200.142200	7953542.000000	7953571.000000	-29.000000
969.924000	970.083555	5.113786E-4	1.101804E-2	200.220700	7957943.000000	7957972.000000	-29.000000
969.915000	970.073644	5.112293E-4	1.100570E-2	200.138000	7962438.000000	7962469.000000	-31.000000
969.906000	970.063733	5.128960E-4	1.102914E-2	199.983100	7966844.000000	7966872.000000	-28.000000
969.896000	970.053900	5.117369E-4	1.099423E-2	199.864700	7971336.000000	7971361.000000	-25.000000
969.886000	970.043911	5.144959E-4	1.103999E-2	199.798500	7975744.000000	7975774.000000	-30.000000
969.877000	970.034077	5.146931E-4	1.103446E-2	199.778800	7980236.000000	7980265.000000	-29.000000
969.869000	970.024166	5.161674E-4	1.105725E-2	199.946200	7984735.000000	7984765.000000	-30.000000
969.858000	970.014254	5.122692E-4	1.096253E-2	199.937800	7989137.000000	7989219.000000	-82.000000
969.851000	970.004264	5.104419E-4	1.091774E-2	199.894400	7993635.000000	7993662.000000	-27.000000
969.842000	969.994430	5.098954E-4	1.089732E-2	199.844800	7998131.000000	7998159.000000	-28.000000
969.832000	969.984596	5.115308E-4	1.092590E-2	199.932900	8002644.000000	8002671.000000	-27.000000
969.822000	969.974840	5.117799E-4	1.092350E-2	200.037900	8007138.000000	8007165.000000	-27.000000
969.812000	969.964850	5.112362E-4	1.090465E-2	199.924700	8011541.000000	8011603.000000	-62.000000
969.804000	969.954937	5.137622E-4	1.095284E-2	199.941400	8015942.000000	8016008.000000	-66.000000
969.792000	969.945103	5.145200E-4	1.096144E-2	199.997300	8020427.000000	8020456.000000	-29.000000
969.784000	969.935346	5.149789E-4	1.096603E-2	200.106500	8024828.000000	8024856.000000	-28.000000
969.775000	969.925433	5.103385E-4	1.086027E-2	200.105900	8029328.000000	8029356.000000	-28.000000
969.767000	969.915520	5.098421E-4	1.084219E-2	200.147900	8033827.000000	8033858.000000	-31.000000
969.757000	969.905606	5.101882E-4	-3.913282E-1	200.152500	8038339.000000	8038368.000000	-29.000000
969.747000	969.895693	5.116187E-4	1.086087E-2	200.229000	8042831.000000	8042859.000000	-28.000000
969.738000	969.885701	5.113233E-4	1.084170E-2	200.079300	8047235.000000	8047302.000000	-67.000000
969.727000	969.875866	5.108842E-4	1.081774E-2	200.019500	8051733.000000	8051763.000000	-30.000000
969.719000	969.865952	5.135980E-4	1.086193E-2	200.138500	8056122.000000	8056206.000000	-84.000000
969.711000	969.856038	5.138544E-4	1.084934E-2	200.058700	8060632.000000	8060663.000000	-31.000000
969.698000	969.846046	5.132428E-4	1.081879E-2	200.170000	8065127.000000	8065157.000000	-30.000000
969.689000	969.836209	5.091771E-4	1.071374E-2	200.078800	8069625.000000	8069656.000000	-31.000000
969.678000	969.826373	5.106927E-4	1.072431E-2	199.970400	8074026.000000	8074093.000000	-67.000000
969.669000	969.816536	5.116860E-4	1.072587E-2	199.936000	8078526.000000	8078556.000000	-30.000000
969.660000	969.806622	5.132800E-4	1.073976E-2	199.847900	8083023.000000	8083050.000000	-27.000000
969.650000	969.796629	5.131583E-4	1.071426E-2	199.819200	8087520.000000	8087548.000000	-28.000000
969.643000	969.786714	5.145250E-4	1.072075E-2	199.969700	8091920.000000	8091946.000000	-26.000000
969.632000	969.776955	5.178458E-4	1.076734E-2	199.937300	8096418.000000	8096446.000000	-28.000000
969.624000	969.767117	5.175432E-4	1.073979E-2	199.895200	8100816.000000	8100884.000000	-68.000000
969.614000	969.757202	5.166806E-4	1.070312E-2	200.080400	8105314.000000	8105341.000000	-27.000000
969.605000	969.747286	5.130712E-4	1.060843E-2	200.134200	8109717.000000	8109745.000000	-28.000000
969.595000	969.737370	5.154013E-4	1.063696E-2	200.244900	8114220.000000	8114249.000000	-29.000000
969.585000	969.727533	5.151788E-4	1.061464E-2	200.329100	8118615.000000	8118641.000000	-26.000000
969.576000	969.717538	8.593452E-3	1.063281E-2	200.294600	8123004.000000	8123032.000000	-28.000000
969.569000	969.707622	5.158056E-4	1.059434E-2	200.144600	8127518.000000	8127548.000000	-30.000000
969.560000	969.697706	5.177963E-4	1.061768E-2	199.959100	8131916.000000	8131982.000000	-66.000000
969.549000	969.687789	5.193530E-4	1.063165E-2	199.860000	8136408.000000	8136435.000000	-27.000000
969.540000	969.677795	5.186241E-4	1.060025E-2	199.821800	8140802.000000	8140830.000000	-28.000000
969.530000	969.667878	5.164865E-4	1.053880E-2	199.929300	8145300.000000	8145326.000000	-26.000000
969.521000	969.657961	5.134751E-4	1.045880E-2	200.087700	8149703.000000	8149728.000000	-25.000000
969.510000	969.648278	5.158478E-4	1.048654E-2	200.085100	8154197.000000	8154225.000000	-28.000000
969.503000	969.638283	5.148753E-4	1.044747E-2	199.944000	8158599.000000	8158627.000000	-28.000000
969.495000	969.628365	5.162371E-4	1.045699E-2	199.881300	8163095.000000	8163120.000000	-25.000000
969.485000	969.618526	5.147337E-4	1.040291E-2	199.966500	8167595.000000	8167622.000000	-27.000000
969.474000	969.608686	5.167183E-4	1.041774E-2	199.891700	8171995.000000	8172024.000000	-29.000000
969.466000	969.598690	5.170878E-4	1.039941E-2	199.918400	8176494.000000	8176524.000000	-30.000000
969.456000	969.588772	5.163296E-4	1.035896E-2	200.100700	8180909.000000	8180968.000000	-59.000000
969.445000	969.578854	5.131162E-4	1.026422E-2	200.227300	8185301.000000	8185373.000000	-72.000000
969.435000	969.568936	5.113135E-4	1.020314E-2	200.093100	8189794.000000	8189821.000000	-27.000000
969.429000	969.558939	5.137291E-4	1.022413E-2	200.012500	8194292.000000	8194323.000000	-31.000000
969.420000	969.549021	5.134295E-4	1.019498E-2	200.083000	8198786.000000	8198815.000000	-29.000000
969.409000	969.539102	5.152841E-4	1.019968E-2	200.003300	8203190.000000	8203273.000000	-83.000000
969.400000	969.529183	5.145538E-4	1.015902E-2	200.066500	8207688.000000	8207716.000000	-28.000000
969.390000	969.519186	5.173991E-4	1.962151E+0	200.031900	8212184.000000	8212214.000000	-30.000000
969.382000	969.509267	5.171004E-4	1.015733E-2	199.907800	8216694.000000	8216720.000000	-26.000000
969.361000	969.519576	5.122921E-4	1.001605E-2	200.058800	8291676.000000	8291704.000000	-28.000000
969.354000	969.509657	5.128550E-4	1.000000E-2	199.997200	8296177.000000	8296205.000000	-28.000000
969.345000	969.499738	5.146575E-4	1.000498E-2	200.063800	8300575.000000	8300648.000000	-73.000000
969.335000	969.489897	5.138063E-4	9.958426E-3	200.145700	8305077.000000	8305104.000000	-27.000000
969.326000	969.479977	5.156062E-4	9.963136E-3	200.040400	8309571.000000	8309600.000000	-29.000000
969.316000	969.469979	5.151128E-4	9.923288E-3	200.116300	8313963.000000	8314048.000000	-85.000000
969.306000	969.460059	5.179577E-4	9.945045E-3	200.246400	8318472.000000	8318501.000000	-29.000000
969.295000	969.450139	5.168572E-4	9.887646E-3	200.195600	8322975.000000	8323004.000000	-29.000000
969.288000	969.440297	5.148971E-4	9.815389E-3	200.215000	8327467.000000	8327494.000000	-27.000000
969.279000	969.430299	5.130431E-4	9.743528E-3	200.205400	8331963.000000	8331994.000000	-31.000000
969.271000	969.420300	5.136996E-4	9.720968E-3	200.070300	8336464.000000	8336492.000000	-28.000000
969.260000	969.410379	5.150054E-4	9.704305E-3	200.134500	8340862.000000	8340889.000000	-27.000000
969.250000	969.400537	5.145016E-4	9.655479E-3	200.059900	8345363.000000	8345392.000000	-29.000000
969.241000	969.390616	5.158486E-4	9.636362E-3	199.926700	8349860.000000	8349887.000000	-27.000000
969.231000	969.380695	5.152994E-4	9.585408E-3	199.961400	8354356.000000	8354383.000000	-27.000000
969.222000	969.370774	5.180601E-4	9.590916E-3	199.842200	8358757.000000	8358786.000000	-29.000000
969.212000	969.360852	5.156622E-4	9.494495E-3	199.892600	8363161.000000	8363224.000000	-63.000000
969.203000	969.351009	5.137099E-4	9.415135E-3	200.025500	8367658.000000	8367688.000000	-30.000000
969.194000	969.341009	5.127196E-4	9.349682E-3	200.108800	8372151.000000	8372180.000000	-29.000000
969.182000	969.331009	5.137070E-4	9.324651E-3	200.073700	8376653.000000	8376680.000000	-27.000000
969.172000	969.321087	5.151682E-4	9.300403E-3	200.167400	8381148.000000	8381178.000000	-30.000000
969.163000	969.311165	5.146642E-4	9.243406E-3	200.228300	8385645.000000	8385673.000000	-28.000000
969.153000	969.301165	5.162986E-4	9.225441E-3	200.282400	8390147.000000	8390177.000000	-30.000000
969.146000	969.291242	5.164021E-4	9.180910E-3	200.339400	8394546.000000	8394575.000000	-29.000000
969.135000	969.281320	5.184853E-4	9.168411E-3	200.319800	8399043.000000	8399073.000000	-30.000000
969.125000	969.271397	5.154541E-4	9.064812E-3	200.302200	8403548.000000	8403577.000000	-29.000000
969.115000	969.261396	5.139022E-4	8.989071E-3	200.089700	8407953.000000	8408017.000000	-64.000000
969.105000	969.251473	5.143192E-4	8.954926E-3	199.895300	8412441.000000	8412471.000000	-30.000000
969.096000	969.241472	5.146496E-4	8.917196E-3	199.793600	8416948.000000	8416978.000000	-30.000000
969.085000	969.231548	5.166851E-4	8.905988E-3	199.695100	8421453.000000	8421481.000000	-28.000000
969.077000	969.221547	3.111990E-3	8.835437E-3	199.757300	8425839.000000	8425867.000000	-28.000000
969.068000	969.211623	5.173734E-4	8.832173E-3	199.931100	8430346.000000	8430376.000000	-30.000000
969.057000	969.201621	5.176199E-4	8.788519E-3	200.055400	8434846.000000	8434871.000000	-25.000000
969.047000	969.191776	4.165523E-4	8.724209E-3	200.172600	8439241.000000	8439270.000000	-29.000000
969.029000	969.176538	5.133096E-4	8.588732E-3	199.925000	8477038.000000	8477066.000000	-28.000000
969.008000	969.156689	5.150158E-4	8.529534E-3	200.083500	8550414.000000	8550445.000000	-31.000000
968.998000	969.146687	5.171035E-4	8.524198E-3	200.100800	8554913.000000	8554939.000000	-26.000000
968.992000	969.136684	5.163321E-4	8.471366E-3	200.183200	8559409.000000	8559436.000000	-27.000000
968.980000	969.126759	5.187607E-4	8.464845E-3	200.128900	8563908.000000	8563937.000000	-29.000000
968.969000	969.116834	5.194830E-4	8.434232E-3	200.081600	8568417.000000	8568444.000000	-27.000000
968.960000	969.106831	5.160203E-4	8.342652E-3	199.968800	8572920.000000	8572946.000000	-26.000000
968.951000	969.096827	5.155768E-4	8.302622E-3	199.969300	8577413.000000	8577442.000000	-29.000000
968.941000	969.086902	5.143327E-4	8.245597E-3	199.845100	8581807.000000	8581892.000000	-85.000000
968.930000	969.076898	5.167137E-4	8.253502E-3	199.788300	8586313.000000	8586339.000000	-26.000000
968.923000	969.066894	5.159126E-4	8.211933E-3	199.703000	8590711.000000	8590736.000000	-25.000000
968.902000	969.047511	5.172337E-4	1.293390E-1	199.932100	8641398.000000	8641428.000000	-30.000000
968.891000	969.037585	5.170060E-4	8.149031E-3	199.910700	8645894.000000	8645923.000000	-29.000000
968.883000	969.027580	5.167048E-4	8.125525E-3	199.924300	8650302.000000	8650371.000000	-69.000000
968.873000	969.017576	5.126614E-4	8.047419E-3	200.051800	8654710.000000	8654777.000000	-67.000000
968.863000	969.007649	5.133235E-4	8.046113E-3	200.189900	8659292.000000	8659321.000000	-29.000000
968.854000	968.997722	5.130177E-4	8.031534E-3	200.054300	8663787.000000	8663817.000000	-30.000000
968.846000	968.987717	5.146153E-4	8.049952E-3	199.938800	8668286.000000	8668316.000000	-30.000000
968.838000	968.977712	5.135605E-4	8.028941E-3	199.979900	8672785.000000	8672812.000000	-27.000000
968.826000	968.967707	5.136884E-4	8.028796E-3	200.087000	8677286.000000	8677313.000000	-27.000000
968.817000	968.957779	5.157977E-4	8.061443E-3	200.045800	8681795.000000	8681827.000000	-32.000000
968.806000	968.947774	5.141775E-4	8.038623E-3	199.994700	8686291.000000	8686318.000000	-27.000000
968.799000	968.937768	5.134816E-4	8.031114E-3	200.040700	8690790.000000	8690814.000000	-24.000000
968.787000	968.927762	5.110434E-4	7.997637E-3	200.221800	8695189.000000	8695255.000000	-66.000000
968.778000	968.917756	5.129473E-4	8.034617E-3	200.150300	8699594.000000	8699659.000000	-65.000000
968.770000	968.907750	5.131276E-4	8.046183E-3	200.074900	8704089.000000	8704118.000000	-29.000000
968.762000	968.897743	5.146599E-4	8.081279E-3	199.999800	8708478.000000	8708563.000000	-85.000000
968.748000	968.887737	5.153888E-4	8.108800E-3	199.987300	8712983.000000	8713011.000000	-28.000000
968.737000	968.877730	5.153631E-4	8.124620E-3	200.125400	8717484.000000	8717512.000000	-28.000000
968.728000	968.867723	5.178402E-4	8.179412E-3	200.095900	8721983.000000	8722012.000000	-29.000000
968.719000	968.857716	5.157586E-4	8.162915E-3	200.116100	8726483.000000	8726508.000000	-25.000000
968.698000	968.838718	5.137295E-4	8.171502E-3	199.922200	8774666.000000	8774693.000000	-27.000000
968.692000	968.828710	5.155305E-4	8.221307E-3	199.841800	8779064.000000	8779149.000000	-85.000000
968.682000	968.818703	5.160803E-4	8.253106E-3	199.848200	8783560.000000	8783591.000000	-31.000000
968.672000	968.808695	5.164374E-4	8.289894E-3	199.751900	8788068.000000	8788097.000000	-29.000000
968.661000	968.798687	5.178459E-4	8.343729E-3	199.922700	8792567.000000	8792595.000000	-28.000000
968.652000	968.788679	4.174258E-4	8.366960E-3	200.073900	8796962.000000	8796992.000000	-30.000000
968.643000	968.778671	5.189803E-4	8.424228E-3	200.182600	8801470.000000	8801499.000000	-29.000000
968.632000	968.768663	5.157222E-4	8.409001E-3	200.306800	8805962.000000	8805989.000000	-27.000000
968.625000	968.758654	5.154969E-4	8.440556E-3	200.401100	8810367.000000	8810397.000000	-30.000000
968.615000	968.748645	5.141615E-4	8.453937E-3	200.409200	8814864.000000	8814892.000000	-28.000000
968.607000	968.738637	5.157847E-4	8.518112E-3	200.392900	8819360.000000	8819386.000000	-26.000000
968.595000	968.728706	5.167893E-4	8.581349E-3	200.227900	8823857.000000	8823889.000000	-32.000000
968.586000	968.718775	5.156887E-4	8.606866E-3	200.305600	8828358.000000	8828384.000000	-26.000000
968.576000	968.708844	5.172531E-4	8.673731E-3	200.183000	8832759.000000	8832787.000000	-28.000000
968.568000	968.698835	5.163492E-4	8.697928E-3	200.045900	8837261.000000	8837289.000000	-28.000000
968.556000	968.688825	5.170313E-4	8.756893E-3	199.901900	8841751.000000	8841777.000000	-26.000000
968.548000	968.678815	5.141235E-4	8.750527E-3	199.790300	8846251.000000	8846279.000000	-28.000000
968.539000	968.668806	5.138496E-4	8.786103E-3	199.731700	8850745.000000	8850774.000000	-29.000000
968.530000	968.658796	5.142168E-4	8.831702E-3	199.849000	8855243.000000	8855273.000000	-30.000000
968.519000	968.648785	5.159646E-4	8.908875E-3	199.884200	8859648.000000	8859731.000000	-83.000000
968.509000	968.638775	5.175297E-4	6.071845E-1	199.837400	8864053.000000	8864121.000000	-68.000000
968.500000	968.628686	5.158237E-4	8.992326E-3	199.806100	8868543.000000	8868570.000000	-27.000000
968.490000	968.618676	5.181623E-4	9.072647E-3	199.958200	8873044.000000	8873071.000000	-27.000000
968.480000	968.608665	5.173145E-4	9.102725E-3	199.906100	8877539.000000	8877567.000000	-28.000000
968.471000	968.598654	5.167189E-4	9.133707E-3	200.015100	8882034.000000	8882059.000000	-25.000000
968.463000	968.588643	5.144648E-4	9.132242E-3	200.010100	8886536.000000	8886565.000000	-29.000000
968.453000	968.578632	5.141265E-4	9.165775E-3	200.043100	8891047.000000	8891076.000000	-29.000000
968.443000	968.568621	-7.995869E-1	9.250854E-3	200.163400	8895433.000000	8895461.000000	-28.000000
968.433000	968.558609	5.155900E-4	9.281016E-3	200.255000	8899843.000000	8899917.000000	-74.000000
968.423000	968.548598	5.163954E-4	9.338340E-3	200.335900	8904333.000000	8904362.000000	-29.000000
968.414000	968.538586	5.151252E-4	9.357009E-3	200.335600	8908831.000000	8908860.000000	-29.000000
968.402000	968.528574	5.169995E-4	9.440245E-3	200.299000	8913344.000000	8913372.000000	-28.000000
968.394000	968.518562	5.161606E-4	9.467286E-3	200.225500	8917748.000000	8917815.000000	-67.000000
968.386000	968.508550	5.139681E-4	9.470687E-3	200.284100	8922237.000000	8922265.000000	-28.000000
968.374000	968.498615	5.132712E-4	9.492483E-3	200.251400	8926738.000000	8926764.000000	-26.000000
968.363000	968.488603	5.134879E-4	9.543161E-3	200.032700	8931135.000000	8931216.000000	-81.000000
968.353000	968.478590	5.163521E-4	9.641058E-3	199.913800	8935631.000000	8935722.000000	-91.000000
968.343000	968.468577	5.144729E-4	9.645854E-3	199.906400	8940135.000000	8940164.000000	-29.000000
968.334000	968.458564	5.153687E-4	1.404354E+2	199.889800	8944637.000000	8944667.000000	-30.000000
968.323000	968.448551	5.159966E-4	9.757276E-3	199.921500	8949131.000000	8949159.000000	-28.000000
968.315000	968.438538	5.153464E-4	9.783896E-3	199.835700	8953629.000000	8953655.000000	-26.000000
968.306000	968.428525	5.142888E-4	9.794546E-3	199.950600	8958039.000000	8958108.000000	-69.000000
968.296000	968.418589	5.110452E-4	9.764742E-3	199.962900	8962524.000000	8962553.000000	-29.000000
968.286000	968.408575	5.121098E-4	9.815872E-3	199.955400	8967024.000000	8967054.000000	-30.000000
968.276000	968.398562	5.109446E-4	9.816841E-3	199.953600	8971520.000000	8971548.000000	-28.000000
968.268000	968.388548	5.133897E-4	9.892005E-3	199.823800	8975926.000000	8976009.000000	-83.000000
968.257000	968.378533	5.134146E-4	9.923295E-3	199.676500	8980424.000000	8980455.000000	-31.000000
968.248000	968.368519	5.148587E-4	9.980754E-3	199.623700	8984917.000000	8984945.000000	-28.000000
968.238000	968.358505	5.162415E-4	1.004028E-2	199.624300	8989417.000000	8989443.000000	-26.000000
968.230000	968.348490	5.142998E-4	4.080138E-1	199.736200	8993912.000000	8993942.000000	-30.000000
968.221000	968.338475	5.135427E-4	1.002021E-2	199.897500	8998412.000000	8998439.000000	-27.000000
968.211000	968.328460	5.109979E-4	9.993580E-3	200.038300	9002918.000000	9002947.000000	-29.000000
968.202000	968.318445	5.141604E-4	1.007537E-2	199.929100	9007422.000000	9007450.000000	-28.000000
968.191000	968.308430	5.143395E-4	1.010077E-2	199.788900	9011923.000000	9011954.000000	-31.000000
968.183000	968.298415	5.149881E-4	1.013347E-2	199.849600	9016415.000000	9016444.000000	-29.000000
968.171000	968.288399	5.151423E-4	1.016372E-2	199.951300	9020916.000000	9020947.000000	-31.000000
968.162000	968.278383	5.153953E-4	1.019395E-2	199.901300	9025412.000000	9025441.000000	-29.000000
968.154000	968.268368	5.161993E-4	1.023942E-2	199.842600	9029905.000000	9029932.000000	-27.000000
968.145000	968.258352	5.139296E-4	1.021404E-2	199.989900	9034408.000000	9034436.000000	-28.000000
968.134000	968.248335	5.139936E-4	1.024362E-2	199.943900	9038900.000000	9038929.000000	-29.000000
968.124000	968.238319	5.138310E-4	1.026667E-2	200.100600	9043311.000000	9043395.000000	-84.000000
968.114000	968.228303	5.162249E-4	1.033787E-2	200.232100	9047802.000000	9047831.000000	-29.000000
968.104000	968.218286	5.169618E-4	1.038166E-2	200.104300	9052298.000000	9052329.000000	-31.000000
968.094000	968.208270	5.165150E-4	1.039694E-2	200.007000	9056797.000000	9056825.000000	-28.000000
968.082000	968.198253	5.182219E-4	1.045723E-2	199.899300	9061308.000000	9061336.000000	-28.000000
968.055000	968.169688	5.138412E-4	1.043078E-2	199.986100	9151692.000000	9151759.000000	-67.000000
968.043000	968.159671	5.138041E-4	1.044864E-2	199.924700	9156176.000000	9156207.000000	-31.000000
968.034000	968.149653	5.162869E-4	1.051436E-2	199.883300	9160678.000000	9160708.000000	-30.000000
968.025000	968.139635	5.166941E-4	1.053892E-2	199.972300	9165187.000000	9165217.000000	-30.000000
968.013000	968.129696	5.175676E-4	1.057331E-2	199.955000	9169682.000000	9169710.000000	-28.000000
968.005000	968.119756	5.156249E-4	1.054992E-2	200.000200	9174081.000000	9174108.000000	-27.000000
967.996000	968.109738	5.170622E-4	1.059581E-2	200.061600	9178585.000000	9178523.000000	62.000000
967.988000	968.099719	5.153791E-4	1.057633E-2	199.946400	9182973.000000	9182999.000000	-26.000000
967.977000	968.089779	5.135078E-4	1.055451E-2	199.916000	9187369.000000	9187395.000000	-26.000000
967.969000	968.079761	5.112540E-4	1.052303E-2	199.787100	9191773.000000	9191799.000000	-26.000000
967.959000	968.069742	5.118498E-4	1.055168E-2	199.820600	9196272.000000	9196301.000000	-29.000000
967.950000	968.059723	5.133828E-4	1.059864E-2	199.995400	9200765.000000	9200797.000000	-32.000000
967.939000	968.049704	5.130739E-4	1.061177E-2	199.958800	9205266.000000	9205293.000000	-27.000000
967.931000	968.039763	5.135540E-4	1.063947E-2	200.045100	9209777.000000	9209804.000000	-27.000000
967.920000	968.029743	5.119818E-4	1.062632E-2	200.067500	9214273.000000	9214300.000000	-27.000000
967.913000	968.019724	5.138239E-4	1.068379E-2	200.118200	9218776.000000	9218806.000000	-30.000000
967.903000	968.009704	5.120593E-4	1.066828E-2	200.074500	9223270.000000	9223298.000000	-28.000000
967.894000	967.999763	5.106354E-4	1.065854E-2	199.924100	9227765.000000	9227794.000000	-29.000000
967.884000	967.989743	5.095108E-4	1.065023E-2	199.907600	9232263.000000	9232292.000000	-29.000000
967.875000	967.979722	5.115981E-4	2.656831E-2	199.834900	9236763.000000	9236791.000000	-28.000000
967.865000	967.969702	5.139426E-4	1.077523E-2	199.963700	9241166.000000	9241196.000000	-30.000000
967.855000	967.959682	5.133537E-4	1.077714E-2	199.927700	9245664.000000	9245695.000000	-31.000000
967.846000	967.949739	5.139996E-4	1.080444E-2	199.856700	9250155.000000	9250185.000000	-30.000000
967.837000	967.939719	5.130757E-4	1.079757E-2	199.980800	9254655.000000	9254683.000000	-28.000000
967.828000	967.929698	5.150262E-4	1.085192E-2	199.988600	9259152.000000	9259180.000000	-28.000000
967.818000	967.919677	5.123863E-4	1.080565E-2	199.956900	9263556.000000	9263583.000000	-27.000000
967.809000	967.909656	5.106391E-4	1.077782E-2	200.028900	9268050.000000	9268080.000000	-30.000000
967.799000	967.899634	5.107645E-4	1.078588E-2	200.055500	9272549.000000	9272577.000000	-28.000000
967.790000	967.889613	5.128819E-4	1.083665E-2	199.985700	9277057.000000	9277086.000000	-29.000000
967.769000	967.871683	5.121044E-4	1.082922E-2	199.943200	9312051.000000	9312079.000000	-28.000000
967.761000	967.861662	5.134455E-4	1.086292E-2	199.894800	9316552.000000	9316581.000000	-29.000000
967.752000	967.851639	5.131465E-4	1.086248E-2	199.847600	9321047.000000	9321075.000000	-28.000000
967.743000	967.841696	5.139179E-4	1.088343E-2	199.972800	9325455.000000	9325534.000000	-79.000000
967.732000	967.831673	5.106153E-4	1.082235E-2	199.944700	9329944.000000	9329973.000000	-29.000000
967.722000	967.821651	5.095524E-4	1.080721E-2	200.032400	9334444.000000	9334473.000000	-29.000000
967.712000	967.811628	5.108922E-4	1.084188E-2	199.991100	9338944.000000	9338972.000000	-28.000000
967.692000	967.791661	5.134293E-4	1.091422E-2	200.048800	9347839.000000	9347869.000000	-30.000000
967.683000	967.781638	5.108831E-4	1.087211E-2	200.018200	9352339.000000	9352367.000000	-28.000000
967.674000	967.771693	5.122382E-4	1.090909E-2	200.091900	9356760.000000	9356823.000000	-63.000000
967.665000	967.761669	5.121464E-4	1.091979E-2	200.044400	9361239.000000	9361266.000000	-27.000000
967.655000	967.751646	5.109138E-4	1.090783E-2	200.169800	9365730.000000	9365761.000000	-31.000000
967.646000	967.741622	5.082390E-4	1.086044E-2	200.101400	9370229.000000	9370259.000000	-30.000000
967.636000	967.731598	5.083221E-4	1.087380E-2	200.159300	9374726.000000	9374755.000000	-29.000000
967.626000	967.721574	5.117721E-4	1.095517E-2	200.081600	9379132.000000	9379162.000000	-30.000000
967.617000	967.711550	5.116650E-4	1.096023E-2	200.108100	9383548.000000	9383616.000000	-68.000000
967.606000	967.701526	5.120040E-4	1.097596E-2	200.079000	9388034.000000	9388063.000000	-29.000000
967.597000	967.691580	5.101671E-4	1.094154E-2	200.209400	9392436.000000	9392522.000000	-86.000000
967.588000	967.681633	5.118275E-4	1.098123E-2	200.163900	9396938.000000	9397023.000000	-85.000000
967.579000	967.671609	5.112582E-4	1.097451E-2	200.215400	9401436.000000	9401514.000000	-78.000000
967.569000	967.661584	5.083430E-4	1.091439E-2	200.167100	9405936.000000	9406009.000000	-73.000000
967.560000	967.651559	5.079683E-4	1.091185E-2	200.241200	9410418.000000	9410446.000000	-28.000000
967.550000	967.641534	5.086419E-4	4.087428E-1	200.106900	9414916.000000	9414946.000000	-30.000000
967.540000	967.631508	5.116224E-4	1.099453E-2	199.916100	9419424.000000	9419455.000000	-31.000000
967.530000	967.621483	5.097397E-4	1.095554E-2	199.789600	9423931.000000	9423960.000000	-29.000000
967.519000	967.611536	5.094979E-4	1.095325E-2	199.964700	9428425.000000	9428453.000000	-28.000000
967.509000	967.601510	5.103468E-4	1.097440E-2	199.936900	9432829.000000	9432859.000000	-30.000000
967.501000	967.591484	5.103498E-4	1.098106E-2	200.024200	9437325.000000	9437353.000000	-28.000000
967.493000	967.581458	5.093262E-4	1.096531E-2	200.054400	9441822.000000	9441849.000000	-27.000000
967.482000	967.571432	5.062829E-4	1.090751E-2	200.092500	9446320.000000	9446348.000000	-28.000000
967.474000	967.561327	5.089914E-4	1.097313E-2	200.152900	9450817.000000	9450846.000000	-29.000000
967.463000	967.551379	5.098977E-4	1.100115E-2	200.134900	9455313.000000	9455342.000000	-29.000000
967.452000	967.541352	5.112967E-4	1.103947E-2	200.103200	9459727.000000	9459797.000000	-70.000000
967.442000	967.531325	5.092308E-4	1.100607E-2	200.046300	9464215.000000	9464243.000000	-28.000000
967.433000	967.521298	5.089798E-4	1.101171E-2	200.134200	9468715.000000	9468744.000000	-29.000000
967.426000	967.511349	5.097750E-4	1.103903E-2	200.052100	9473208.000000	9473239.000000	-31.000000
967.418000	967.501322	5.100939E-4	1.105754E-2	200.129000	9477706.000000	9477731.000000	-25.000000
967.409000	967.491373	5.074302E-4	1.100452E-2	199.990100	9482108.000000	9482135.000000	-27.000000
967.401000	967.481345	5.060718E-4	1.098544E-2	199.975900	9486605.000000	9486633.000000	-28.000000
967.390000	967.471396	5.069311E-4	1.101375E-2	200.104500	9491101.000000	9491130.000000	-29.000000
967.381000	967.461368	5.083819E-4	1.105445E-2	200.003600	9495599.000000	9495626.000000	-27.000000
967.372000	967.451340	5.098068E-4	1.109137E-2	199.854700	9500106.000000	9500136.000000	-30.000000
967.362000	967.441312	5.073970E-4	1.104536E-2	199.758200	9504609.000000	9504639.000000	-30.000000
967.353000	967.431362	5.081029E-4	2.127669E+2	199.836400	9509108.000000	9509136.000000	-28.000000
967.343000	967.421334	5.072685E-4	1.104678E-2	199.877800	9513606.000000	9513634.000000	-28.000000
967.336000	967.411305	5.083863E-4	1.107365E-2	199.936200	9518103.000000	9518130.000000	-27.000000
967.327000	967.401276	5.046293E-4	1.099262E-2	200.050900	9522602.000000	9522631.000000	-29.000000
967.317000	967.391326	5.040576E-4	1.098005E-2	200.022800	9527100.000000	9527126.000000	-26.000000
967.307000	967.381297	5.042415E-4	1.098079E-2	200.095800	9531594.000000	9531622.000000	-28.000000
967.298000	967.371267	5.051133E-4	1.099515E-2	200.149900	9535999.000000	9536027.000000	-28.000000
967.288000	967.361238	5.067999E-4	1.103279E-2	200.074700	9540495.000000	9540525.000000	-30.000000
967.279000	967.351287	5.054472E-4	1.100543E-2	200.094000	9544988.000000	9545018.000000	-30.000000
967.269000	967.341257	5.066090E-4	1.102957E-2	199.995800	9549392.000000	9549421.000000	-29.000000
967.261000	967.331227	5.066648E-4	2.082589E-2	200.081800	9553892.000000	9553922.000000	-30.000000
967.253000	967.321197	5.080274E-4	1.106351E-2	199.942500	9558389.000000	9558418.000000	-29.000000
967.244000	967.311246	5.046555E-4	1.099155E-2	199.858800	9562887.000000	9562917.000000	-30.000000
967.234000	967.301215	5.052803E-4	1.100718E-2	199.823300	9567383.000000	9567411.000000	-28.000000
967.225000	967.291185	5.071283E-4	1.105299E-2	199.803500	9571899.000000	9571925.000000	-26.000000
967.215000	967.281155	5.102780E-4	1.112670E-2	199.937000	9576311.000000	9576376.000000	-65.000000
967.205000	967.271202	5.100511E-4	1.112853E-2	200.097600	9580788.000000	9580816.000000	-28.000000
967.196000	967.261171	5.082415E-4	1.109455E-2	200.000700	9585291.000000	9585319.000000	-28.000000
967.185000	967.251140	5.094558E-4	1.112406E-2	199.910900	9589790.000000	9589818.000000	-28.000000
967.175000	967.241188	5.097665E-4	1.113601E-2	199.796200	9594191.000000	9594220.000000	-29.000000
967.167000	967.231235	8.004078E-1	1.114012E-2	199.795300	9598579.000000	9598606.000000	-27.000000
967.158000	967.221203	5.061338E-4	1.106649E-2	199.780500	9603084.000000	9603113.000000	-29.000000
967.149000	967.211172	5.077969E-4	1.110660E-2	199.844600	9607590.000000	9607617.000000	-27.000000
967.140000	967.201140	5.471499E-4	1.113351E-2	199.950800	9611976.000000	9612004.000000	-28.000000
967.129000	967.191108	5.112455E-4	1.118709E-2	199.943400	9616484.000000	9616514.000000	-30.000000
967.120000	967.181076	5.093800E-4	1.114601E-2	199.926400	9620988.000000	9621017.000000	-29.000000
967.111000	967.171044	5.075910E-4	1.110479E-2	199.864900	9625484.000000	9625510.000000	-26.000000
967.101000	967.161011	5.087717E-4	1.112782E-2	199.782700	9629978.000000	9630008.000000	-30.000000
967.091000	967.150979	5.083539E-4	3.632893E+0	199.930500	9634477.000000	9634506.000000	-29.000000
967.084000	967.140946	5.068488E-4	1.108179E-2	199.967600	9638974.000000	9639005.000000	-31.000000
967.064000	967.125348	5.060394E-4	1.106051E-2	199.843900	9673565.000000	9673595.000000	-30.000000
967.054000	967.115315	5.077172E-4	1.109751E-2	199.815400	9678061.000000	9678092.000000	-31.000000
967.045000	967.105282	5.077862E-4	1.110091E-2	199.801600	9682561.000000	9682589.000000	-28.000000
967.036000	967.095249	5.056808E-4	1.105517E-2	199.746800	9686960.000000	9686989.000000	-29.000000
967.026000	967.085215	5.046477E-4	1.103253E-2	199.759100	9691379.000000	9691456.000000	-77.000000
967.017000	967.075182	5.069458E-4	1.108780E-2	199.890600	9695862.000000	9695893.000000	-31.000000
967.007000	967.065148	5.051649E-4	1.105379E-2	200.015100	9700356.000000	9700385.000000	-29.000000
966.999000	967.055114	5.042186E-4	1.103722E-2	199.956800	9704775.000000	9704848.000000	-73.000000
966.990000	967.045080	5.027375E-4	1.101300E-2	199.885800	9709182.000000	9709251.000000	-69.000000
966.982000	967.035046	5.059509E-4	1.109449E-2	199.850500	9713660.000000	9713688.000000	-28.000000
966.971000	967.025011	5.058444E-4	1.110164E-2	200.039400	9718153.000000	9718181.000000	-28.000000
966.963000	967.014977	5.057060E-4	1.111016E-2	200.212400	9722651.000000	9722682.000000	-31.000000
966.952000	967.004942	5.029307E-4	1.105797E-2	200.332700	9727072.000000	9727136.000000	-64.000000
966.944000	966.994907	5.023804E-4	1.105551E-2	200.271000	9731549.000000	9731578.000000	-29.000000
966.933000	966.984872	5.044795E-4	1.111412E-2	200.355400	9735954.000000	9735984.000000	-30.000000
966.922000	966.974837	5.018185E-4	1.106680E-2	200.220800	9740450.000000	9740476.000000	-26.000000
966.912000	966.964880	5.007051E-4	1.105124E-2	200.276700	9744944.000000	9744974.000000	-30.000000
966.905000	966.954845	4.995514E-4	1.103153E-2	200.337700	9749364.000000	9749445.000000	-81.000000
966.895000	966.944809	5.033803E-4	1.112404E-2	200.170000	9753842.000000	9753871.000000	-29.000000
966.887000	966.934774	5.019503E-4	1.109389E-2	200.142900	9758346.000000	9758375.000000	-29.000000
966.876000	966.924738	5.013869E-4	1.108144E-2	200.214500	9762769.000000	9762834.000000	-65.000000
966.867000	966.914702	4.988961E-4	1.102702E-2	200.115600	9767241.000000	9767271.000000	-30.000000
966.857000	966.904666	4.999471E-4	1.104693E-2	200.153200	9771666.000000	9771743.000000	-77.000000
966.848000	966.894629	5.010390E-4	1.106714E-2	200.025100	9776241.000000	9776271.000000	-30.000000
966.839000	966.884593	4.989088E-4	1.101396E-2	199.925800	9780751.000000	9780780.000000	-29.000000
966.829000	966.874556	4.983507E-4	1.099640E-2	200.058100	9785247.000000	9785275.000000	-28.000000
966.820000	966.864519	4.990428E-4	1.100898E-2	199.998700	9789746.000000	9789774.000000	-28.000000
966.811000	966.854482	5.016071E-4	1.106236E-2	200.078800	9794244.000000	9794273.000000	-29.000000
966.803000	966.844524	5.000589E-4	1.102746E-2	200.191300	9798740.000000	9798769.000000	-29.000000
966.792000	966.834487	4.988033E-4	1.099707E-2	200.282000	9803242.000000	9803272.000000	-30.000000
966.784000	966.824449	4.971159E-4	1.095805E-2	200.180700	9807733.000000	9807759.000000	-26.000000
966.773000	966.814412	4.992898E-4	1.100572E-2	200.226900	9812232.000000	9812259.000000	-27.000000
966.764000	966.804452	4.990905E-4	1.100217E-2	200.279300	9816731.000000	9816759.000000	-28.000000
966.754000	966.794415	4.968247E-4	1.095438E-2	200.253800	9821228.000000	9821257.000000	-29.000000
966.745000	966.784377	4.976567E-4	1.097438E-2	200.273400	9825733.000000	9825761.000000	-28.000000
966.736000	966.774339	4.979793E-4	-3.912108E-1	200.052100	9830237.000000	9830268.000000	-31.000000
966.717000	966.756693	4.962206E-4	1.095743E-2	199.696300	9871023.000000	9871053.000000	-30.000000
966.706000	966.746733	4.940672E-4	4.087294E-1	199.882800	9875521.000000	9875549.000000	-28.000000
966.697000	966.736694	4.959770E-4	1.095535E-2	199.921400	9880016.000000	9880044.000000	-28.000000
966.684000	966.726656	4.972875E-4	1.099077E-2	199.998400	9884516.000000	9884543.000000	-27.000000
966.675000	966.716695	4.973247E-4	1.099130E-2	200.047900	9888942.000000	9889012.000000	-70.000000
966.664000	966.706734	4.956299E-4	1.095782E-2	200.046800	9893414.000000	9893440.000000	-26.000000
966.656000	966.696773	4.981180E-4	1.101382E-2	200.177900	9897914.000000	9897942.000000	-28.000000
966.645000	966.686891	4.993691E-4	1.104252E-2	200.068000	9902410.000000	9902439.000000	-29.000000
966.637000	966.676930	4.979599E-4	1.101141E-2	199.887400	9906910.000000	9906940.000000	-30.000000
966.626000	966.667125	4.963840E-4	1.097281E-2	199.885600	9911420.000000	9911451.000000	-31.000000
966.616000	966.657164	4.965380E-4	1.097182E-2	199.959200	9915833.000000	9915897.000000	-64.000000
966.607000	966.647281	5.001526E-4	1.104897E-2	199.991600	9920312.000000	9920340.000000	-28.000000
966.596000	966.637398	4.978540E-4	1.099545E-2	200.063600	9924820.000000	9924846.000000	-26.000000
966.587000	966.627514	5.579710E-4	1.098546E-2	199.972400	9929204.000000	9929230.000000	-26.000000
966.576000	966.617552	4.995042E-4	1.102641E-2	199.836200	9933716.000000	9933744.000000	-28.000000
966.566000	966.607590	4.997986E-4	1.103099E-2	199.818500	9938123.000000	9938203.000000	-80.000000
966.556000	966.597706	5.001167E-4	1.104271E-2	199.777900	9942607.000000	9942639.000000	-32.000000
966.546000	966.587822	4.967231E-4	1.096861E-2	199.947300	9947021.000000	9947092.000000	-71.000000
966.537000	966.577860	4.971554E-4	1.098422E-2	199.919200	9951496.000000	9951527.000000	-31.000000
966.526000	966.567897	4.991358E-4	1.103505E-2	199.942500	9956012.000000	9956039.000000	-27.000000
966.517000	966.557934	4.965830E-4	1.098140E-2	200.000300	9960510.000000	9960536.000000	-26.000000
966.506000	966.548049	1.701175E-1	1.099192E-2	200.029800	9964902.000000	9964929.000000	-27.000000
966.496000	966.538086	4.972306E-4	1.100456E-2	200.161000	9969312.000000	9969394.000000	-82.000000
966.486000	966.528201	4.977505E-4	1.102405E-2	200.023800	9973719.000000	9973788.000000	-69.000000
966.476000	966.518238	4.955352E-4	1.097790E-2	200.023400	9978123.000000	9978194.000000	-71.000000
966.464000	966.508353	4.884395E-4	1.082304E-2	200.040800	9982597.000000	9982623.000000	-26.000000
966.454000	966.498389	4.930686E-4	1.093550E-2	200.029400	9987012.000000	9987093.000000	-81.000000
966.445000	966.488425	4.946713E-4	1.098125E-2	200.127800	9991495.000000	9991524.000000	-29.000000
966.434000	966.478539	4.935194E-4	1.096081E-2	200.015500	9995992.000000	9996019.000000	-27.000000
966.423000	966.468654	4.933235E-4	1.095616E-2	199.920500	10000485.000000	10000514.000000	-29.000000
966.413000	966.458689	4.931590E-4	1.095391E-2	199.892600	10004893.000000	10004921.000000	-28.000000
966.402000	966.448725	4.957698E-4	1.101242E-2	200.045100	10009388.000000	10009416.000000	-28.000000
966.393000	966.438839	4.936127E-4	1.096535E-2	200.023400	10013887.000000	10013915.000000	-28.000000
966.380000	966.428874	4.906177E-4	1.089666E-2	199.891000	10018384.000000	10018410.000000	-26.000000
966.371000	966.418909	4.933177E-4	1.095358E-2	199.933000	10022894.000000	10022919.000000	-25.000000
966.363000	966.408944	4.935553E-4	1.095550E-2	200.053000	10027282.000000	10027311.000000	-29.000000
966.353000	966.399057	4.939752E-4	1.096082E-2	200.197600	10031686.000000	10031713.000000	-27.000000
966.343000	966.389170	4.929001E-4	1.093200E-2	200.289300	10036180.000000	10036205.000000	-25.000000
966.332000	966.379205	4.937795E-4	1.094918E-2	200.288000	10040681.000000	10040709.000000	-28.000000
966.322000	966.369239	4.958926E-4	1.099396E-2	200.187100	10045188.000000	10045219.000000	-31.000000
966.311000	966.359351	4.933021E-4	1.094323E-2	200.108300	10049688.000000	10049716.000000	-28.000000
966.301000	966.349464	4.918518E-4	1.091445E-2	200.117800	10054187.000000	10054215.000000	-28.000000
966.291000	966.339498	4.940209E-4	1.096487E-2	200.054400	10058682.000000	10058711.000000	-29.000000
966.280000	966.329610	4.940123E-4	1.096784E-2	199.930100	10063182.000000	10063212.000000	-30.000000
966.271000	966.319644	4.939303E-4	1.096932E-2	199.825600	10067579.000000	10067608.000000	-29.000000
966.261000	966.309756	4.923441E-4	1.093808E-2	199.771100	10072084.000000	10072108.000000	-24.000000
966.252000	966.299789	4.946292E-4	1.099296E-2	199.747100	10076579.000000	10076607.000000	-28.000000
966.240000	966.289901	4.953396E-4	1.101926E-2	199.811900	10081077.000000	10081107.000000	-30.000000
966.222000	966.280012	5.122407E-4	1.139362E-2	199.766400	10085574.000000	10085600.000000	-26.000000
966.212000	966.270123	5.106160E-4	1.135879E-2	199.749800	10089974.000000	10090002.000000	-28.000000
966.201000	966.260235	5.097805E-4	1.133806E-2	199.735000	10094402.000000	10094467.000000	-65.000000
966.192000	966.250267	5.070092E-4	1.127770E-2	199.944600	10098875.000000	10098900.000000	-25.000000
966.182000	966.240378	5.080337E-4	1.129780E-2	199.998900	10103372.000000	10103402.000000	-30.000000
966.172000	966.230489	5.099629E-4	1.133554E-2	199.950000	10107771.000000	10107796.000000	-25.000000
966.162000	966.220599	5.124452E-4	1.138594E-2	199.985500	10112171.000000	10112199.000000	-28.000000
966.152000	966.210631	5.138238E-4	1.141193E-2	199.956600	10116672.000000	10116699.000000	-27.000000
966.143000	966.200742	5.106209E-4	1.133876E-2	199.865600	10121167.000000	10121195.000000	-28.000000
966.131000	966.190852	5.108220E-4	1.515069E+0	199.871200	10125483.000000	10125552.000000	-69.000000
966.121000	966.180962	5.086622E-4	1.128673E-2	199.855700	10129972.000000	10129998.000000	-26.000000
966.112000	966.171072	1.372653E-1	1.123770E-2	200.018900	10134365.000000	10134395.000000	-30.000000
966.100000	966.161260	5.080797E-4	1.126546E-2	200.068400	10138876.000000	10138907.000000	-31.000000
966.091000	966.151370	-7.995927E-1	1.128633E-2	200.137000	10143256.000000	10143284.000000	-28.000000
966.081000	966.141479	5.124651E-4	1.136156E-2	200.131300	10147767.000000	10147792.000000	-25.000000
966.072000	966.131510	5.125353E-4	1.136447E-2	200.172200	10152151.000000	10152179.000000	-28.000000
966.061000	966.121698	5.097726E-4	1.130950E-2	200.069600	10156555.000000	10156583.000000	-28.000000
966.053000	966.111807	5.102176E-4	1.132339E-2	200.135600	10160872.000000	10160957.000000	-85.000000
966.041000	966.101994	5.064939E-4	1.124842E-2	200.250900	10165355.000000	10165383.000000	-28.000000
966.031000	966.092024	5.062114E-4	1.124805E-2	200.331400	10169764.000000	10169791.000000	-27.000000
966.019000	966.082133	5.062006E-4	1.125338E-2	200.270000	10174162.000000	10174192.000000	-30.000000
966.007000	966.072320	5.077226E-4	1.129424E-2	200.113400	10178662.000000	10178688.000000	-26.000000
965.998000	966.062507	5.114597E-4	1.138365E-2	200.176100	10183059.000000	10183087.000000	-28.000000
965.989000	966.052536	5.103998E-4	1.136512E-2	200.068400	10187474.000000	10187541.000000	-67.000000
965.979000	966.042644	5.096580E-4	1.135652E-2	200.080800	10191953.000000	10191981.000000	-28.000000
965.970000	966.032752	5.079876E-4	1.132246E-2	200.033000	10196347.000000	10196376.000000	-29.000000
965.958000	966.022860	5.053834E-4	1.126827E-2	200.103900	10200671.000000	10200737.000000	-66.000000
965.949000	966.012889	5.064463E-4	1.129322E-2	200.042700	10205075.000000	10205142.000000	-67.000000
965.938000	966.002996	5.054072E-4	1.126990E-2	200.098900	10209550.000000	10209579.000000	-29.000000
965.928000	965.993104	5.080285E-4	1.132494E-2	200.207300	10213952.000000	10213982.000000	-30.000000
965.917000	965.983289	5.107162E-4	1.138111E-2	200.190500	10218447.000000	10218475.000000	-28.000000
965.907000	965.973318	5.099870E-4	1.136190E-2	200.175600	10222851.000000	10222877.000000	-26.000000
965.897000	965.963425	5.094023E-4	1.134645E-2	200.185500	10227254.000000	10227283.000000	-29.000000
965.888000	965.953610	5.065631E-4	1.128090E-2	200.079700	10231666.000000	10231741.000000	-75.000000
965.878000	965.943716	5.046408E-4	1.123700E-2	200.007800	10236055.000000	10236128.000000	-73.000000
965.867000	965.933823	5.046561E-4	1.123671E-2	200.022800	10240538.000000	10240568.000000	-30.000000
965.858000	965.923929	5.032685E-4	1.120401E-2	200.024700	10244939.000000	10244968.000000	-29.000000
965.847000	965.914035	5.066142E-4	1.127778E-2	200.043300	10249336.000000	10249365.000000	-29.000000
965.835000	965.904220	5.089331E-4	1.133061E-2	199.966500	10253739.000000	10253770.000000	-31.000000
965.825000	965.894325	5.075570E-4	1.130394E-2	199.989000	10258239.000000	10258269.000000	-30.000000
965.813000	965.884353	5.065943E-4	1.128472E-2	199.873000	10262639.000000	10262663.000000	-24.000000
965.804000	965.874458	5.032689E-4	1.121662E-2	199.751100	10267137.000000	10267165.000000	-28.000000
965.793000	965.864485	5.029918E-4	1.121479E-2	199.754100	10271634.000000	10271662.000000	-28.000000
965.784000	965.854590	5.022440E-4	1.120212E-2	199.878100	10276037.000000	10276067.000000	-30.000000
965.774000	965.844695	5.022910E-4	1.120569E-2	199.927400	10280533.000000	10280561.000000	-28.000000
965.762000	965.835193	5.060013E-4	1.128891E-2	200.015100	10285033.000000	10285064.000000	-31.000000
965.753000	965.825219	5.074697E-4	1.132128E-2	199.934600	10289530.000000	10289558.000000	-28.000000
965.741000	965.815403	5.072812E-4	1.131634E-2	200.023800	10293932.000000	10293959.000000	-27.000000
965.733000	965.805507	5.061391E-4	1.129008E-2	199.929700	10298429.000000	10298454.000000	-25.000000
965.722000	965.795611	5.042525E-4	1.124618E-2	199.916900	10302825.000000	10302855.000000	-30.000000
965.711000	965.785794	5.044767E-4	1.124730E-2	200.056500	10307231.000000	10307261.000000	-30.000000
965.701000	965.775898	5.028621E-4	1.120357E-2	200.114100	10311651.000000	10311712.000000	-61.000000
965.692000	965.766002	5.050251E-4	1.124740E-2	199.973200	10316046.000000	10316117.000000	-71.000000
965.682000	965.756106	5.077749E-4	1.130254E-2	199.854900	10320528.000000	10320558.000000	-30.000000
965.673000	965.746210	7.086746E-2	1.133111E-2	199.804900	10324924.000000	10324950.000000	-26.000000
965.663000	965.736313	5.095050E-4	1.132811E-2	199.893800	10329430.000000	10329460.000000	-30.000000
965.643000	965.730422	5.054880E-4	1.122554E-2	199.922600	10372516.000000	10372546.000000	-30.000000
965.632000	965.720604	8.004035E-1	1.119831E-2	199.922500	10376904.000000	10376933.000000	-29.000000
965.620000	965.710943	5.039741E-4	1.119089E-2	199.994900	10381413.000000	10381439.000000	-26.000000
965.609000	965.701046	5.056907E-4	1.122953E-2	199.882700	10385919.000000	10385946.000000	-27.000000
965.599000	965.691149	5.064743E-4	1.124845E-2	199.941300	10390414.000000	10390438.000000	-24.000000
965.592000	965.681330	5.091847E-4	1.131076E-2	200.001100	10394812.000000	10394842.000000	-30.000000
965.581000	965.671511	5.076955E-4	1.128050E-2	199.939800	10399224.000000	10399307.000000	-83.000000
965.571000	965.661692	5.056233E-4	1.124104E-2	199.832800	10403628.000000	10403694.000000	-66.000000
965.562000	965.651716	5.044751E-4	1.122457E-2	199.791700	10408098.000000	10408128.000000	-30.000000
965.552000	965.641897	5.016018E-4	1.116940E-2	199.756600	10412500.000000	10412526.000000	-26.000000
965.542000	965.631999	5.027435E-4	1.120357E-2	199.736400	10416902.000000	10416929.000000	-27.000000
965.531000	965.622336	5.019605E-4	1.119298E-2	199.798100	10421324.000000	10421393.000000	-69.000000
965.522000	965.612359	5.032916E-4	1.122806E-2	199.945300	10425804.000000	10425832.000000	-28.000000
965.511000	965.602618	5.052083E-4	1.127507E-2	199.962600	10430203.000000	10430231.000000	-28.000000
965.501000	965.592719	5.043977E-4	1.126302E-2	199.911800	10434702.000000	10434728.000000	-26.000000







