965.510000	965.606075	5.111946E-4	1.135069E-2	224.897500	12531143.000000	12531174.000000	-31.000000
965.527000	965.615894	5.034736E-4	1.116862E-2	224.918000	12535643.000000	12535676.000000	-33.000000
965.538000	965.625714	5.016476E-4	1.112486E-2	224.988800	12540138.000000	12540168.000000	-30.000000
965.548000	965.635534	5.019146E-4	1.112418E-2	225.068600	12544637.000000	12544667.000000	-30.000000
965.560000	965.645353	5.037390E-4	1.115738E-2	225.078800	12549035.000000	12549065.000000	-30.000000
965.569000	965.655251	5.046813E-4	1.117475E-2	225.103000	12553370.000000	12553452.000000	-82.000000
965.579000	965.665149	5.065711E-4	1.121176E-2	224.999000	12557840.000000	12557868.000000	-28.000000
965.589000	965.674968	5.071158E-4	1.122253E-2	225.007300	12562338.000000	12562368.000000	-30.000000
965.597000	965.684865	5.057125E-4	1.119309E-2	225.044200	12566741.000000	12566768.000000	-27.000000
965.609000	965.694762	8.004042E-1	1.118521E-2	224.949700	12571123.000000	12571153.000000	-30.000000
965.618000	965.704502	5.027833E-4	1.113316E-2	224.984500	12575630.000000	12575662.000000	-32.000000
965.630000	965.714399	5.034844E-4	1.115026E-2	225.051400	12580025.000000	12580054.000000	-29.000000
965.641000	965.724296	5.035134E-4	1.115277E-2	225.062900	12584423.000000	12584450.000000	-27.000000
965.650000	965.734271	5.045916E-4	1.118008E-2	225.085300	12588757.000000	12588846.000000	-89.000000
965.661000	965.744089	5.063910E-4	1.122130E-2	224.962300	12593227.000000	12593255.000000	-28.000000
965.670000	965.753985	5.054798E-4	1.120551E-2	224.968900	12597626.000000	12597654.000000	-28.000000
965.681000	965.763960	5.054416E-4	1.120907E-2	224.876000	12602032.000000	12602060.000000	-28.000000
965.691000	965.773856	5.022126E-4	1.114149E-2	224.915900	12606356.000000	12606434.000000	-78.000000
965.701000	965.783752	5.006870E-4	1.110754E-2	224.844600	12610818.000000	12610846.000000	-28.000000
965.708000	965.793648	5.005863E-4	1.110872E-2	224.880300	12615220.000000	12615249.000000	-29.000000
965.719000	965.803544	5.002388E-4	1.110049E-2	224.939400	12619617.000000	12619645.000000	-28.000000
965.728000	965.813518	5.013051E-4	1.112336E-2	224.921300	12624022.000000	12624052.000000	-30.000000
965.739000	965.823413	4.999333E-4	1.109169E-2	224.989900	12628364.000000	12628432.000000	-68.000000
965.748000	965.833308	5.021306E-4	1.113766E-2	225.028200	12632821.000000	12632846.000000	-25.000000
965.758000	965.843125	5.005633E-4	1.110285E-2	224.925400	12637210.000000	12637237.000000	-27.000000
965.769000	965.853020	4.982781E-4	1.105284E-2	224.968800	12641556.000000	12641627.000000	-71.000000
965.777000	965.862914	4.972469E-4	1.102992E-2	225.018500	12646011.000000	12646037.000000	-26.000000
965.788000	965.872809	4.954875E-4	1.099044E-2	225.034700	12650415.000000	12650443.000000	-28.000000
965.795000	965.882704	4.971534E-4	1.102742E-2	224.931000	12654817.000000	12654846.000000	-29.000000
965.806000	965.892598	4.964738E-4	1.101162E-2	224.977100	12659218.000000	12659246.000000	-28.000000
965.815000	965.902335	6.487789E-2	1.103068E-2	224.919700	12663604.000000	12663632.000000	-28.000000
965.827000	965.912229	4.986063E-4	1.106005E-2	224.914100	12667999.000000	12668028.000000	-29.000000
965.836000	965.922201	4.989698E-4	1.107128E-2	224.862400	12672405.000000	12672434.000000	-29.000000
965.846000	965.932095	4.975348E-4	1.104255E-2	224.791600	12676806.000000	12676836.000000	-30.000000
965.857000	965.942067	4.948057E-4	1.098674E-2	224.845900	12681207.000000	12681236.000000	-29.000000
965.866000	965.951961	4.971011E-4	1.104225E-2	224.952400	12685610.000000	12685639.000000	-29.000000
965.876000	965.961854	4.957003E-4	1.101374E-2	224.892600	12690011.000000	12690040.000000	-29.000000
965.885000	965.971747	-7.996023E-1	1.104531E-2	224.936900	12694397.000000	12694423.000000	-26.000000
965.894000	965.981640	4.961961E-4	1.102508E-2	224.981300	12698797.000000	12698826.000000	-29.000000
965.904000	965.991533	4.979134E-4	1.106263E-2	224.883300	12703149.000000	12703213.000000	-64.000000
965.913000	966.001505	4.987702E-4	1.108021E-2	224.847700	12707541.000000	12707621.000000	-80.000000
965.922000	966.011397	4.972054E-4	1.104230E-2	224.944000	12712001.000000	12712028.000000	-27.000000
965.933000	966.021290	4.969217E-4	1.103264E-2	225.018900	12716403.000000	12716432.000000	-29.000000
965.943000	966.031182	4.957690E-4	1.100159E-2	225.090500	12720799.000000	12720828.000000	-29.000000
965.952000	966.041074	4.960563E-4	1.100174E-2	225.163800	12725136.000000	12725203.000000	-67.000000
965.963000	966.050966	4.961095E-4	1.099142E-2	225.205700	12729589.000000	12729618.000000	-29.000000
965.972000	966.060858	4.940744E-4	1.093700E-2	225.059900	12733946.000000	12734012.000000	-66.000000
965.982000	966.070750	4.953787E-4	1.095733E-2	225.019800	12738395.000000	12738425.000000	-30.000000
965.989000	966.080720	4.947957E-4	1.093724E-2	225.061100	12742794.000000	12742821.000000	-27.000000
965.993000	966.090611	5.162330E-4	1.140539E-2	225.110900	12747199.000000	12747228.000000	-29.000000
966.004000	966.100502	1.103708E-1	1.133848E-2	225.164300	12751590.000000	12751618.000000	-28.000000
966.015000	966.110394	5.121064E-4	1.130142E-2	225.051200	12755985.000000	12756014.000000	-29.000000
966.026000	966.120285	5.092608E-4	1.123512E-2	225.000200	12760384.000000	12760413.000000	-29.000000
966.037000	966.130175	5.105030E-4	1.125896E-2	224.979800	12764887.000000	12764915.000000	-28.000000
966.046000	966.140066	5.115881E-4	1.128093E-2	224.963800	12769286.000000	12769316.000000	-30.000000
966.057000	966.149957	5.132920E-4	1.131743E-2	225.053300	12773685.000000	12773714.000000	-29.000000
966.066000	966.159847	5.145133E-4	1.134370E-2	225.112800	12778090.000000	12778118.000000	-28.000000
966.075000	966.169737	5.147712E-4	1.135036E-2	225.009400	12782487.000000	12782517.000000	-30.000000
966.084000	966.179628	5.147699E-4	1.135343E-2	225.026700	12786888.000000	12786919.000000	-31.000000
966.094000	966.189518	5.105341E-4	1.126533E-2	224.962500	12791276.000000	12791306.000000	-30.000000
966.104000	966.199407	5.094065E-4	1.124753E-2	224.892800	12795677.000000	12795707.000000	-30.000000
966.114000	966.209297	5.089448E-4	1.124272E-2	224.952100	12800079.000000	12800108.000000	-29.000000
966.124000	966.219187	5.101205E-4	1.127375E-2	224.882400	12804479.000000	12804509.000000	-30.000000
966.134000	966.228998	5.122626E-4	1.132462E-2	224.950700	12808879.000000	12808909.000000	-30.000000
966.145000	966.238887	5.111531E-4	1.130190E-2	224.933300	12813284.000000	12813313.000000	-29.000000
966.152000	966.248776	5.134692E-4	1.135352E-2	224.953400	12817671.000000	12817700.000000	-29.000000
966.163000	966.258665	5.118922E-4	1.131934E-2	225.039000	12822072.000000	12822102.000000	-30.000000
966.172000	966.268475	5.095972E-4	1.126866E-2	225.090300	12826471.000000	12826500.000000	-29.000000
966.182000	966.278128	5.075621E-4	1.122247E-2	225.139500	12830872.000000	12830901.000000	-29.000000
966.190000	966.288017	5.063025E-4	1.119389E-2	225.127200	12835274.000000	12835301.000000	-27.000000
966.201000	966.297905	5.086941E-4	1.124190E-2	225.153700	12839672.000000	12839700.000000	-28.000000
966.212000	966.307715	5.081956E-4	1.122750E-2	225.121400	12844077.000000	12844106.000000	-29.000000
966.220000	966.317603	8.004072E-1	1.124137E-2	225.068800	12848464.000000	12848492.000000	-28.000000
966.229000	966.327570	5.090811E-4	1.124124E-2	225.034900	12852864.000000	12852893.000000	-29.000000
966.241000	966.337379	5.109764E-4	1.127906E-2	225.109500	12857263.000000	12857290.000000	-27.000000
966.252000	966.347267	5.085041E-4	1.122120E-2	225.108000	12861668.000000	12861697.000000	-29.000000
966.261000	966.357233	5.049564E-4	1.114325E-2	225.018100	12866015.000000	12866080.000000	-65.000000
966.271000	966.367120	5.055318E-4	1.115572E-2	225.060800	12870402.000000	12870484.000000	-82.000000
966.280000	966.377007	5.053424E-4	1.115317E-2	225.111700	12874865.000000	12874894.000000	-29.000000
966.290000	966.386894	5.067802E-4	1.118769E-2	225.116700	12879257.000000	12879284.000000	-27.000000
966.301000	966.396703	5.049183E-4	1.114963E-2	225.011100	12883611.000000	12883681.000000	-70.000000
966.310000	966.406590	5.054317E-4	1.116238E-2	225.010600	12888058.000000	12888088.000000	-30.000000
966.319000	966.416555	5.066332E-4	1.118870E-2	225.027700	12892463.000000	12892493.000000	-30.000000
966.329000	966.426520	5.043410E-4	1.114293E-2	225.077500	12896860.000000	12896888.000000	-28.000000
966.340000	966.436406	5.030055E-4	1.112037E-2	225.129100	12901265.000000	12901296.000000	-31.000000
966.350000	966.446214	5.013031E-4	1.109391E-2	225.017700	12905649.000000	12905680.000000	-31.000000
966.359000	966.456100	5.024687E-4	1.111925E-2	225.023700	12910052.000000	12910083.000000	-31.000000
966.366000	966.465908	5.017581E-4	1.111007E-2	224.912900	12914394.000000	12914477.000000	-83.000000
966.377000	966.475872	4.998106E-4	1.106597E-2	224.966200	12918791.000000	12918860.000000	-69.000000
966.387000	966.485679	5.015987E-4	1.110342E-2	225.029700	12923256.000000	12923287.000000	-31.000000
966.396000	966.495643	5.019585E-4	1.110876E-2	224.920500	12927659.000000	12927690.000000	-31.000000
966.406000	966.505607	5.031253E-4	1.113410E-2	224.957700	12932056.000000	12932085.000000	-29.000000
966.416000	966.515492	5.001752E-4	1.106206E-2	224.992100	12936441.000000	12936469.000000	-28.000000
966.417000	966.515492	5.002784E-4	1.106464E-2	224.957100	12938959.000000	12938989.000000	-30.000000
966.436000	966.511255	5.012297E-4	1.107283E-2	224.841800	12994740.000000	12994769.000000	-29.000000
966.447000	966.521141	5.013313E-4	1.106787E-2	224.837900	12999087.000000	12999153.000000	-66.000000
966.456000	966.531026	4.998410E-4	1.102184E-2	224.806600	13003476.000000	13003557.000000	-81.000000
966.466000	966.540910	4.966904E-4	1.093169E-2	224.765900	13007932.000000	13007962.000000	-30.000000
966.475000	966.550873	5.016440E-4	1.104160E-2	224.852000	13012430.000000	13012461.000000	-31.000000
966.486000	966.560523	5.042603E-4	1.109611E-2	224.814900	13016780.000000	13016850.000000	-70.000000
966.496000	966.570407	5.026522E-4	1.105501E-2	224.877000	13021171.000000	13021252.000000	-81.000000
966.505000	966.580291	5.016080E-4	1.102659E-2	224.928600	13025631.000000	13025659.000000	-28.000000
966.515000	966.590175	5.010972E-4	1.101183E-2	225.026000	13030130.000000	13030158.000000	-28.000000
966.525000	966.600059	5.042663E-4	1.107922E-2	225.089600	13034627.000000	13034656.000000	-29.000000
966.536000	966.609943	5.029313E-4	1.104854E-2	225.129800	13039124.000000	13039149.000000	-25.000000
966.545000	966.619827	5.022337E-4	1.103381E-2	225.036300	13043622.000000	13043649.000000	-27.000000
966.553000	966.629789	5.026402E-4	1.104205E-2	225.048700	13048025.000000	13048054.000000	-29.000000
966.562000	966.639594	5.045093E-4	1.108295E-2	225.117200	13052421.000000	13052452.000000	-31.000000
966.574000	966.649477	5.041396E-4	1.107916E-2	225.056600	13056922.000000	13056950.000000	-28.000000
966.583000	966.659439	5.009670E-4	1.100971E-2	225.067900	13061422.000000	13061452.000000	-30.000000
966.593000	966.669243	5.018782E-4	1.103162E-2	225.082200	13065917.000000	13065946.000000	-29.000000
966.603000	966.679204	5.017657E-4	1.103280E-2	225.094400	13070269.000000	13070337.000000	-68.000000
966.612000	966.689087	5.023069E-4	1.104619E-2	225.031600	13074721.000000	13074751.000000	-30.000000
966.623000	966.698970	4.989851E-4	1.097304E-2	225.092500	13079122.000000	13079151.000000	-29.000000
966.631000	966.708773	4.994598E-4	1.098230E-2	225.150900	13083521.000000	13083552.000000	-31.000000
966.640000	966.718813	5.023576E-4	1.104199E-2	225.011900	13088019.000000	13088048.000000	-29.000000
966.649000	966.728773	5.007522E-4	1.100279E-2	225.020300	13092519.000000	13092549.000000	-30.000000
966.660000	966.738655	4.998198E-4	1.097613E-2	225.084700	13097019.000000	13097048.000000	-29.000000
966.670000	966.748615	4.978728E-4	1.092781E-2	225.081700	13101510.000000	13101536.000000	-26.000000
966.679000	966.758575	4.994271E-4	1.095880E-2	225.125900	13106011.000000	13106041.000000	-30.000000
966.692000	966.768457	4.998131E-4	1.096080E-2	225.115800	13110510.000000	13110540.000000	-30.000000
966.701000	966.778417	4.961850E-4	1.087491E-2	225.164700	13115003.000000	13115035.000000	-32.000000
966.711000	966.788376	4.978223E-4	1.090987E-2	225.188700	13119502.000000	13119532.000000	-30.000000
966.720000	966.798336	4.998426E-4	1.095316E-2	225.202500	13124013.000000	13124042.000000	-29.000000
966.730000	966.808295	5.021997E-4	1.100302E-2	225.144500	13128514.000000	13128542.000000	-28.000000
966.739000	966.818254	4.991103E-4	1.093308E-2	225.070800	13133009.000000	13133039.000000	-30.000000
966.750000	966.828213	4.977112E-4	1.090352E-2	225.054700	13137350.000000	13137417.000000	-67.000000
966.758000	966.838251	4.989107E-4	1.093005E-2	225.046600	13141800.000000	13141830.000000	-30.000000
966.769000	966.848209	4.995000E-4	1.094545E-2	224.982200	13146302.000000	13146333.000000	-31.000000
966.780000	966.858168	4.990223E-4	1.094219E-2	225.039200	13150641.000000	13150724.000000	-83.000000
966.789000	966.868048	4.969189E-4	1.089910E-2	224.916800	13155194.000000	13155221.000000	-27.000000
966.797000	966.878085	4.995979E-4	1.096072E-2	224.928100	13159706.000000	13159736.000000	-30.000000
966.807000	966.888121	5.001611E-4	1.097605E-2	224.994300	13164206.000000	13164233.000000	-27.000000
966.818000	966.898079	4.994865E-4	1.096571E-2	225.045300	13168639.000000	13168710.000000	-71.000000
966.824000	966.907959	4.977893E-4	1.092955E-2	225.069700	13173047.000000	13173112.000000	-65.000000
966.835000	966.917995	4.967243E-4	1.090626E-2	225.111500	13177601.000000	13177633.000000	-32.000000
966.844000	966.927952	4.993365E-4	1.096354E-2	225.083100	13182097.000000	13182127.000000	-30.000000
966.855000	966.937988	4.978537E-4	1.093045E-2	224.957200	13186595.000000	13186625.000000	-30.000000
966.863000	966.947945	4.967441E-4	1.090576E-2	224.994700	13191001.000000	13191029.000000	-28.000000
966.873000	966.957903	4.958164E-4	1.088310E-2	224.896400	13195494.000000	13195527.000000	-33.000000
966.882000	966.967860	4.990062E-4	1.094808E-2	224.908500	13199994.000000	13200022.000000	-28.000000
966.892000	966.977816	4.991811E-4	1.094470E-2	224.905200	13204489.000000	13204517.000000	-28.000000
966.902000	966.987773	4.974056E-4	1.089895E-2	224.797500	13208985.000000	13209016.000000	-31.000000
966.910000	966.997808	4.977063E-4	1.089403E-2	224.787500	13213482.000000	13213513.000000	-31.000000
966.920000	967.007764	4.968038E-4	1.086889E-2	224.791100	13217986.000000	13218012.000000	-26.000000
966.932000	967.017721	4.991879E-4	1.091388E-2	224.827600	13222431.000000	13222500.000000	-69.000000
966.941000	967.027677	4.942306E-4	1.079347E-2	224.839100	13226881.000000	13226909.000000	-28.000000
966.950000	967.037711	4.954195E-4	1.081562E-2	224.820300	13231283.000000	13231310.000000	-27.000000
966.954000	967.047667	5.149633E-4	1.123864E-2	224.907200	13235780.000000	13235808.000000	-28.000000
966.965000	967.057622	5.170642E-4	1.127745E-2	224.988800	13240226.000000	13240310.000000	-84.000000
966.974000	967.067578	5.157802E-4	1.124264E-2	225.035400	13244772.000000	13244803.000000	-31.000000
966.984000	967.077612	5.147654E-4	1.121699E-2	225.042200	13249224.000000	13249291.000000	-67.000000
966.993000	967.087567	5.110807E-4	1.113357E-2	225.094100	13253788.000000	13253818.000000	-30.000000
967.002000	967.097522	5.124894E-4	1.115953E-2	225.128400	13258285.000000	13258313.000000	-28.000000
967.013000	967.107477	5.157282E-4	1.122800E-2	225.145800	13262782.000000	13262811.000000	-29.000000
967.020000	967.117510	5.157853E-4	1.123104E-2	225.037500	13267184.000000	13267214.000000	-30.000000
967.031000	967.127543	5.153132E-4	1.122118E-2	224.911800	13271682.000000	13271709.000000	-27.000000
967.039000	967.137576	5.153227E-4	1.122480E-2	224.938800	13276179.000000	13276209.000000	-30.000000
967.050000	967.147530	5.174902E-4	1.127272E-2	225.029700	13280674.000000	13280701.000000	-27.000000
967.059000	967.157484	5.145184E-4	1.120822E-2	225.028700	13285171.000000	13285200.000000	-29.000000
967.070000	967.167517	5.130839E-4	1.117645E-2	224.951600	13289671.000000	13289698.000000	-27.000000
967.079000	967.177471	5.119265E-4	1.114892E-2	225.017100	13294168.000000	13294197.000000	-29.000000
967.087000	967.187424	5.148082E-4	1.121060E-2	225.033000	13298667.000000	13298696.000000	-29.000000
967.097000	967.197378	5.178956E-4	1.127467E-2	224.911500	13303162.000000	13303191.000000	-29.000000
967.105000	967.207410	5.168430E-4	1.124824E-2	224.822100	13307667.000000	13307696.000000	-29.000000
967.114000	967.217363	5.174467E-4	1.125717E-2	224.745200	13312174.000000	13312202.000000	-28.000000
967.125000	967.227316	5.180206E-4	1.126267E-2	224.790500	13316671.000000	13316701.000000	-30.000000
967.135000	967.237347	5.192842E-4	1.128366E-2	224.831500	13321168.000000	13321197.000000	-29.000000
967.144000	967.247379	5.155500E-4	1.119366E-2	224.759700	13325667.000000	13325696.000000	-29.000000
967.154000	967.257331	5.144091E-4	1.116176E-2	224.692000	13330111.000000	13330180.000000	-69.000000
967.163000	967.267284	5.153203E-4	1.117331E-2	224.730900	13334518.000000	13334584.000000	-66.000000
967.172000	967.277315	5.179055E-4	1.122113E-2	224.880600	13338966.000000	13338994.000000	-28.000000
967.180000	967.287267	5.188634E-4	1.123708E-2	224.887700	13343464.000000	13343490.000000	-26.000000
967.193000	967.297219	5.168506E-4	1.118941E-2	224.935200	13347959.000000	13347988.000000	-29.000000
967.202000	967.307171	5.187393E-4	1.122850E-2	225.061700	13352460.000000	13352489.000000	-29.000000
967.213000	967.317201	5.178589E-4	1.120854E-2	225.142500	13356957.000000	13356985.000000	-28.000000
967.221000	967.327231	5.172314E-4	1.119473E-2	225.183300	13361455.000000	13361483.000000	-28.000000
967.231000	967.337183	5.123765E-4	1.108875E-2	225.087500	13365947.000000	13365975.000000	-28.000000
967.241000	967.347212	5.120455E-4	1.108399E-2	225.118200	13370450.000000	13370478.000000	-28.000000
967.250000	967.357164	5.138380E-4	1.112789E-2	225.127900	13374807.000000	13374876.000000	-69.000000
967.257000	967.367193	5.157370E-4	1.117109E-2	225.079900	13379349.000000	13379380.000000	-31.000000
967.266000	967.377222	5.149863E-4	1.116017E-2	225.122700	13383699.000000	13383764.000000	-65.000000
967.276000	967.387173	5.135589E-4	1.113171E-2	225.178500	13388246.000000	13388278.000000	-32.000000
967.285000	967.397124	5.148753E-4	1.116225E-2	225.155100	13392645.000000	13392674.000000	-29.000000
967.294000	967.407152	5.125863E-4	1.111049E-2	225.117800	13397143.000000	13397168.000000	-25.000000
967.303000	967.417103	5.129506E-4	1.112193E-2	225.057200	13401643.000000	13401672.000000	-29.000000
967.314000	967.427053	5.101861E-4	1.106424E-2	225.113600	13406049.000000	13406078.000000	-29.000000
967.323000	967.436925	5.118156E-4	1.109715E-2	225.168100	13410539.000000	13410566.000000	-27.000000
967.332000	967.446875	5.127654E-4	1.111369E-2	225.206500	13415041.000000	13415071.000000	-30.000000
967.340000	967.456824	5.165981E-4	1.119018E-2	225.234700	13419535.000000	13419565.000000	-30.000000
967.348000	967.466774	5.156580E-4	1.116178E-2	225.249600	13424045.000000	13424074.000000	-29.000000
967.357000	967.476723	5.166441E-4	1.117602E-2	225.190700	13428390.000000	13428458.000000	-68.000000
967.366000	967.486673	5.174392E-4	1.118224E-2	225.205700	13432936.000000	13432967.000000	-31.000000
967.375000	967.496622	5.180996E-4	1.118609E-2	225.215700	13437447.000000	13437477.000000	-30.000000
967.385000	967.506571	5.169359E-4	1.115345E-2	225.131700	13441944.000000	13441973.000000	-29.000000
967.393000	967.516520	5.145154E-4	1.108922E-2	224.967700	13446443.000000	13446471.000000	-28.000000
967.403000	967.526547	5.150949E-4	1.108874E-2	224.926200	13450937.000000	13450967.000000	-30.000000
967.411000	967.536495	5.166291E-4	1.110915E-2	224.958700	13455438.000000	13455466.000000	-28.000000
967.422000	967.546444	5.205397E-4	1.118034E-2	224.853700	13459931.000000	13459957.000000	-26.000000
967.428000	967.556470	5.191323E-4	1.113993E-2	224.761500	13464339.000000	13464367.000000	-28.000000
967.438000	967.566497	5.200337E-4	1.114952E-2	224.778700	13468836.000000	13468864.000000	-28.000000
967.446000	967.576445	5.194388E-4	1.112848E-2	224.877500	13473332.000000	13473362.000000	-30.000000
967.460000	967.586314	5.213110E-4	1.116235E-2	224.830600	13477734.000000	13477765.000000	-31.000000
967.468000	967.596262	5.184341E-4	1.109494E-2	224.879900	13482229.000000	13482256.000000	-27.000000
967.478000	967.606288	5.170474E-4	1.106109E-2	224.974700	13486629.000000	13486660.000000	-31.000000
967.486000	967.616235	5.160177E-4	1.103577E-2	224.983000	13491131.000000	13491162.000000	-31.000000
967.496000	967.626261	5.190229E-4	1.109615E-2	224.971400	13495625.000000	13495655.000000	-30.000000
967.505000	967.636208	5.209608E-4	1.113424E-2	225.047900	13500123.000000	13500151.000000	-28.000000
967.513000	967.646155	5.193515E-4	1.109794E-2	225.091900	13504526.000000	13504557.000000	-31.000000
967.522000	967.656180	5.197737E-4	1.110472E-2	225.135400	13509018.000000	13509048.000000	-30.000000
967.532000	967.666126	5.195729E-4	1.109921E-2	225.154900	13513424.000000	13513454.000000	-30.000000
967.542000	967.676073	5.207828E-4	1.112257E-2	225.041100	13517916.000000	13517947.000000	-31.000000
967.551000	967.686019	5.174104E-4	1.104788E-2	224.961700	13522320.000000	13522349.000000	-29.000000
967.560000	967.695965	5.167998E-4	1.102995E-2	225.013100	13526819.000000	13526848.000000	-29.000000
967.569000	967.705990	5.161271E-4	1.101076E-2	225.076500	13531264.000000	13531329.000000	-65.000000
967.579000	967.716014	5.201691E-4	1.108854E-2	225.121700	13535672.000000	13535740.000000	-68.000000
967.588000	967.725960	5.204868E-4	1.108777E-2	225.155100	13540070.000000	13540142.000000	-72.000000
967.595000	967.735905	5.199815E-4	1.106709E-2	225.149100	13544616.000000	13544646.000000	-30.000000
967.604000	967.745851	5.199055E-4	1.105787E-2	225.046300	13549113.000000	13549138.000000	-25.000000
967.615000	967.755874	5.201567E-4	1.105313E-2	225.073000	13553613.000000	13553643.000000	-30.000000
967.624000	967.765820	5.209394E-4	1.106070E-2	224.968600	13558109.000000	13558138.000000	-29.000000
967.633000	967.775843	5.170457E-4	1.097018E-2	224.977500	13562607.000000	13562637.000000	-30.000000
967.642000	967.785866	5.163382E-4	1.094583E-2	225.031900	13567107.000000	13567136.000000	-29.000000
967.653000	967.795811	5.166561E-4	1.094329E-2	225.069300	13571605.000000	13571634.000000	-29.000000
967.661000	967.805755	5.206872E-4	1.102090E-2	224.948800	13576113.000000	13576145.000000	-32.000000
967.670000	967.815700	5.195789E-4	1.099180E-2	224.960600	13580461.000000	13580527.000000	-66.000000
967.678000	967.825644	5.199098E-4	1.099111E-2	224.873100	13585006.000000	13585035.000000	-29.000000
967.688000	967.835588	5.196964E-4	1.098217E-2	224.850000	13589514.000000	13589541.000000	-27.000000
967.697000	967.845532	5.207551E-4	1.099984E-2	224.936000	13594009.000000	13594038.000000	-29.000000
967.706000	967.855476	5.194215E-4	1.097126E-2	224.874700	13598507.000000	13598534.000000	-27.000000
967.716000	967.865420	5.169408E-4	1.091613E-2	224.812000	13602848.000000	13602923.000000	-75.000000
967.725000	967.875363	5.168084E-4	1.091092E-2	224.903300	13607408.000000	13607435.000000	-27.000000
967.735000	967.885385	5.175894E-4	1.092676E-2	224.897200	13611901.000000	13611930.000000	-29.000000
967.746000	967.895328	5.212917E-4	1.100266E-2	224.832900	13616396.000000	13616424.000000	-28.000000
967.755000	967.905271	5.198194E-4	1.096835E-2	224.893600	13620900.000000	13620929.000000	-29.000000
967.763000	967.915136	5.204200E-4	1.097694E-2	224.855700	13625393.000000	13625421.000000	-28.000000
967.772000	967.925079	5.193613E-4	1.095267E-2	224.776700	13629891.000000	13629919.000000	-28.000000
967.782000	967.935100	5.205578E-4	1.097031E-2	224.817600	13634297.000000	13634325.000000	-28.000000
967.791000	967.945042	5.184148E-4	1.092041E-2	224.916000	13638793.000000	13638821.000000	-28.000000
967.801000	967.954985	5.165958E-4	1.087271E-2	225.011700	13643290.000000	13643319.000000	-29.000000
967.811000	967.964927	5.163978E-4	1.085932E-2	225.052800	13647786.000000	13647818.000000	-32.000000
967.819000	967.974947	5.185486E-4	1.089413E-2	224.982000	13652285.000000	13652315.000000	-30.000000
967.829000	967.984889	5.207806E-4	1.092918E-2	225.058100	13656739.000000	13656820.000000	-81.000000
967.837000	967.994831	5.193726E-4	1.088274E-2	225.134400	13661295.000000	13661324.000000	-29.000000
967.847000	968.004851	5.199495E-4	1.088041E-2	225.017500	13665635.000000	13665708.000000	-73.000000
967.856000	968.014871	5.189057E-4	1.084240E-2	225.045800	13670085.000000	13670115.000000	-30.000000
967.865000	968.024812	5.198834E-4	1.084752E-2	225.106300	13674579.000000	13674607.000000	-28.000000
967.876000	968.034753	5.167876E-4	1.076759E-2	225.132200	13679091.000000	13679118.000000	-27.000000
967.885000	968.044694	5.152550E-4	1.072041E-2	225.062800	13683592.000000	13683620.000000	-28.000000
967.894000	968.054635	5.158791E-4	1.071863E-2	225.089800	13688091.000000	13688119.000000	-28.000000
967.903000	968.064654	5.179608E-4	1.074776E-2	225.036700	13692490.000000	13692520.000000	-30.000000
967.913000	968.074595	5.192937E-4	1.076211E-2	225.015500	13696930.000000	13697000.000000	-70.000000
967.920000	968.084613	5.182219E-4	1.072394E-2	225.081400	13701483.000000	13701514.000000	-31.000000
967.930000	968.094554	5.195814E-4	1.073810E-2	225.146800	13705981.000000	13706011.000000	-30.000000
967.939000	968.104572	5.187841E-4	1.070931E-2	225.153000	13710479.000000	13710508.000000	-29.000000
967.950000	968.114590	5.195326E-4	1.071287E-2	225.035500	13714978.000000	13715006.000000	-28.000000
967.959000	968.124608	5.168360E-4	1.064472E-2	225.084600	13719475.000000	13719503.000000	-28.000000
967.970000	968.134548	5.168848E-4	1.063668E-2	225.134700	13723972.000000	13723999.000000	-27.000000
967.978000	968.144488	5.186637E-4	1.066201E-2	224.999500	13728469.000000	13728499.000000	-30.000000
967.988000	968.154427	5.214742E-4	1.070831E-2	224.996900	13732966.000000	13732996.000000	-30.000000
967.998000	968.164445	5.227475E-4	1.071952E-2	224.953400	13737476.000000	13737502.000000	-26.000000
968.006000	968.174384	5.209656E-4	1.066892E-2	224.960000	13741982.000000	13742010.000000	-28.000000
968.015000	968.184323	5.229512E-4	1.069636E-2	225.012300	13746475.000000	13746503.000000	-28.000000
968.026000	968.194261	5.218031E-4	1.065792E-2	224.923200	13750975.000000	13751006.000000	-31.000000
968.037000	968.204278	5.208874E-4	1.062321E-2	224.832600	13755416.000000	13755498.000000	-82.000000
968.045000	968.214217	5.190626E-4	1.056896E-2	224.798100	13759967.000000	13759997.000000	-30.000000
968.057000	968.224155	5.196481E-4	1.056455E-2	224.817500	13764370.000000	13764399.000000	-29.000000
968.066000	968.234094	5.225117E-4	1.060830E-2	224.836500	13768821.000000	13768888.000000	-67.000000
968.076000	968.244032	5.227000E-4	1.058818E-2	224.928900	13773365.000000	13773395.000000	-30.000000
968.084000	968.253970	5.236215E-4	1.058805E-2	224.893200	13777767.000000	13777797.000000	-30.000000
968.094000	968.263907	5.215289E-4	1.052607E-2	224.896800	13782263.000000	13782293.000000	-30.000000
968.103000	968.273923	5.227108E-4	1.053532E-2	224.926200	13786759.000000	13786786.000000	-27.000000
968.114000	968.283939	5.201189E-4	1.046309E-2	224.850400	13791159.000000	13791188.000000	-29.000000
968.124000	968.293955	5.185745E-4	1.041132E-2	224.875700	13795662.000000	13795689.000000	-27.000000
968.133000	968.303970	5.171402E-4	1.036574E-2	224.971600	13800159.000000	13800188.000000	-29.000000
968.143000	968.313985	5.178720E-4	1.036553E-2	225.047400	13804654.000000	13804685.000000	-31.000000
968.153000	968.324000	5.205178E-4	1.040295E-2	225.131000	13809015.000000	13809083.000000	-68.000000
968.160000	968.333937	5.191884E-4	1.036207E-2	225.108300	13813552.000000	13813580.000000	-28.000000
968.169000	968.343952	5.200552E-4	1.036417E-2	225.079600	13818053.000000	13818081.000000	-28.000000
968.180000	968.353967	5.186579E-4	1.032107E-2	225.085600	13822548.000000	13822575.000000	-27.000000
968.190000	968.363981	5.192349E-4	1.031872E-2	225.008600	13826953.000000	13826981.000000	-28.000000
968.202000	968.373996	5.180061E-4	1.028195E-2	225.038000	13831352.000000	13831376.000000	-24.000000
968.210000	968.384010	5.151848E-4	1.021430E-2	225.013400	13835700.000000	13835780.000000	-80.000000
968.220000	968.394024	5.172699E-4	1.024178E-2	224.967400	13840196.000000	13840279.000000	-83.000000
968.238000	968.386670	5.206966E-4	1.028034E-2	225.034900	13880633.000000	13880662.000000	-29.000000
968.247000	968.396684	5.185313E-4	1.022083E-2	225.120800	13885137.000000	13885163.000000	-26.000000
968.256000	968.406698	5.181322E-4	1.019301E-2	225.176200	13889642.000000	13889673.000000	-31.000000
968.268000	968.416712	5.168919E-4	1.014418E-2	225.210100	13894145.000000	13894177.000000	-32.000000
968.276000	968.426647	5.147969E-4	1.007796E-2	225.162000	13898640.000000	13898667.000000	-27.000000
968.286000	968.436582	5.153573E-4	1.007535E-2	225.103100	13903135.000000	13903166.000000	-31.000000
968.295000	968.446596	5.144676E-4	1.003836E-2	225.082700	13907635.000000	13907665.000000	-30.000000
968.305000	968.456609	5.179331E-4	1.008364E-2	225.020900	13912135.000000	13912162.000000	-27.000000
968.314000	968.466543	5.184552E-4	1.007009E-2	225.023400	13916630.000000	13916657.000000	-27.000000
968.322000	968.476556	5.204427E-4	1.008502E-2	225.005000	13921034.000000	13921064.000000	-30.000000
968.332000	968.486491	5.181728E-4	1.001185E-2	225.016300	13925531.000000	13925559.000000	-28.000000
968.342000	968.496503	5.185873E-4	9.990989E-3	225.066600	13930028.000000	13930056.000000	-28.000000
968.352000	968.506516	5.191754E-4	9.981824E-3	224.971800	13934520.000000	13934550.000000	-30.000000
968.362000	968.516528	5.174274E-4	9.923214E-3	224.971400	13938928.000000	13938958.000000	-30.000000
968.373000	968.526384	5.167265E-4	9.881359E-3	225.048500	13943421.000000	13943449.000000	-28.000000
968.385000	968.536396	5.160862E-4	9.848690E-3	225.108200	13947920.000000	13947947.000000	-27.000000
968.394000	968.546408	5.195901E-4	9.888490E-3	225.097900	13952422.000000	13952448.000000	-26.000000
968.401000	968.556419	5.193707E-4	9.861907E-3	225.127600	13956820.000000	13956849.000000	-29.000000
968.413000	968.566353	5.189169E-4	9.826116E-3	225.143300	13961316.000000	13961344.000000	-28.000000
968.422000	968.576286	5.186223E-4	9.797820E-3	225.047600	13965719.000000	13965748.000000	-29.000000
968.433000	968.586297	5.189417E-4	9.779491E-3	225.047300	13970219.000000	13970248.000000	-29.000000
968.442000	968.596308	5.193859E-4	9.764987E-3	225.097200	13974617.000000	13974647.000000	-30.000000
968.452000	968.606162	5.166654E-4	9.690681E-3	225.049100	13979113.000000	13979141.000000	-28.000000
968.462000	968.616095	5.171347E-4	9.679194E-3	225.023100	13983612.000000	13983642.000000	-30.000000
968.470000	968.626106	5.180295E-4	9.674670E-3	225.053100	13988112.000000	13988142.000000	-30.000000
968.478000	968.636116	5.204427E-4	9.698741E-3	225.095400	13992621.000000	13992648.000000	-27.000000
968.487000	968.646048	5.202145E-4	9.673560E-3	225.149900	13997123.000000	13997152.000000	-29.000000
968.498000	968.655980	5.187555E-4	9.618014E-3	225.070100	14001619.000000	14001646.000000	-27.000000
968.507000	968.665990	5.193690E-4	9.605076E-3	225.032000	14006113.000000	14006142.000000	-29.000000
968.517000	968.676000	5.183130E-4	9.560694E-3	224.950600	14010612.000000	14010641.000000	-29.000000
968.527000	968.686010	5.181749E-4	9.531927E-3	224.915500	14015115.000000	14015142.000000	-27.000000
968.538000	968.695863	5.150464E-4	9.446793E-3	224.940200	14019607.000000	14019638.000000	-31.000000
968.546000	968.705872	5.166219E-4	9.455048E-3	224.880300	14023993.000000	14024026.000000	-33.000000
968.554000	968.715882	5.172058E-4	9.440227E-3	224.915200	14028506.000000	14028533.000000	-27.000000
968.563000	968.725813	5.193804E-4	9.455818E-3	224.881200	14033101.000000	14033129.000000	-28.000000
968.574000	968.735744	5.189231E-4	9.419696E-3	224.785900	14037609.000000	14037639.000000	-30.000000
968.583000	968.745752	5.175899E-4	9.372096E-3	224.759700	14042058.000000	14042125.000000	-67.000000
968.594000	968.755761	1.007536E-2	9.375207E-3	224.856300	14046500.000000	14046528.000000	-28.000000
968.604000	968.765691	5.175167E-4	9.320677E-3	224.911600	14051011.000000	14051041.000000	-30.000000
968.613000	968.775700	5.175258E-4	9.298655E-3	224.992900	14055507.000000	14055536.000000	-29.000000
968.623000	968.785630	5.165054E-4	9.259585E-3	225.071800	14060005.000000	14060033.000000	-28.000000
968.630000	968.795560	5.187584E-4	9.281827E-3	225.119900	14064501.000000	14064531.000000	-30.000000
968.640000	968.805568	5.200027E-4	9.286360E-3	225.158500	14069001.000000	14069026.000000	-25.000000
968.649000	968.815575	5.206824E-4	9.280097E-3	225.064000	14073406.000000	14073436.000000	-30.000000
968.660000	968.825505	5.205174E-4	9.259767E-3	225.036600	14077898.000000	14077928.000000	-30.000000
968.669000	968.835512	5.191162E-4	9.219755E-3	225.080600	14082394.000000	14082421.000000	-27.000000
968.678000	968.845520	5.207333E-4	9.233835E-3	225.120800	14086800.000000	14086828.000000	-28.000000
968.689000	968.855527	5.183053E-4	9.176442E-3	225.129600	14091199.000000	14091228.000000	-29.000000
968.698000	968.865534	5.186181E-4	9.169441E-3	225.169600	14095696.000000	14095726.000000	-30.000000
968.706000	968.875463	5.173315E-4	9.135997E-3	225.134000	14100196.000000	14100224.000000	-28.000000
968.714000	968.885469	5.194455E-4	9.162562E-3	225.140600	14104692.000000	14104721.000000	-29.000000
968.725000	968.895476	5.202717E-4	9.164708E-3	225.166200	14109190.000000	14109218.000000	-28.000000
968.734000	968.905483	5.199589E-4	9.147741E-3	225.067500	14113686.000000	14113714.000000	-28.000000
968.744000	968.915411	5.192963E-4	9.125027E-3	225.014700	14118186.000000	14118213.000000	-27.000000
968.754000	968.925339	5.173424E-4	9.079512E-3	225.050500	14122683.000000	14122711.000000	-28.000000
968.766000	968.935345	5.179007E-4	9.076947E-3	224.963500	14127185.000000	14127214.000000	-29.000000
968.775000	968.945351	5.150738E-4	9.015627E-3	224.878300	14131694.000000	14131723.000000	-29.000000
968.784000	968.955356	8.004124E-1	9.011317E-3	224.931800	14136078.000000	14136109.000000	-31.000000
968.792000	968.965362	5.142645E-4	8.979720E-3	224.950700	14140438.000000	14140512.000000	-74.000000
968.803000	968.975367	5.169741E-4	9.013700E-3	225.012300	14144978.000000	14145010.000000	-32.000000
968.813000	968.985372	5.185205E-4	9.029184E-3	225.026900	14149477.000000	14149509.000000	-32.000000
968.823000	968.995299	5.170962E-4	8.993487E-3	225.079800	14153990.000000	14154019.000000	-29.000000
968.833000	969.005226	5.175758E-4	8.993627E-3	225.085500	14158336.000000	14158404.000000	-68.000000
968.842000	969.015231	5.165549E-4	8.966152E-3	224.970700	14162836.000000	14162901.000000	-65.000000
968.852000	969.025236	5.178545E-4	8.981086E-3	225.011500	14167239.000000	14167305.000000	-66.000000
968.859000	969.035240	5.161097E-4	8.944139E-3	225.064600	14171767.000000	14171796.000000	-29.000000
968.870000	969.045166	5.169700E-4	8.956111E-3	225.093600	14176127.000000	14176205.000000	-78.000000
968.879000	969.055171	5.184581E-4	8.979225E-3	225.086200	14180532.000000	14180597.000000	-65.000000
968.890000	969.065175	5.214885E-4	9.030920E-3	225.112900	14185068.000000	14185094.000000	-26.000000
968.899000	969.075179	5.225397E-4	9.051240E-3	225.015200	14189567.000000	14189597.000000	-30.000000
968.909000	969.085104	5.201796E-4	9.013542E-3	224.991100	14194064.000000	14194091.000000	-27.000000
968.919000	969.095108	5.214108E-4	9.039301E-3	225.007700	14198467.000000	14198497.000000	-30.000000
968.927000	969.105033	5.203214E-4	9.027086E-3	225.052800	14202824.000000	14202894.000000	-70.000000
968.937000	969.114958	5.207779E-4	9.040346E-3	224.952800	14207364.000000	14207393.000000	-29.000000
968.945000	969.124961	5.188593E-4	9.016070E-3	224.937900	14211729.000000	14211792.000000	-63.000000
968.955000	969.134964	5.202526E-4	9.047901E-3	224.937800	14216169.000000	14216201.000000	-32.000000
968.964000	969.144967	5.224842E-4	9.096997E-3	224.849000	14220667.000000	14220694.000000	-27.000000
968.974000	969.154892	5.239357E-4	9.132928E-3	224.788200	14225164.000000	14225193.000000	-29.000000
968.983000	969.164816	5.233568E-4	9.133614E-3	224.859200	14229658.000000	14229684.000000	-26.000000
968.994000	969.174741	5.209458E-4	9.104959E-3	224.797800	14234017.000000	14234082.000000	-65.000000
969.001000	969.184743	5.222742E-4	9.140017E-3	224.799800	14238462.000000	14238492.000000	-30.000000
969.012000	969.194667	5.204369E-4	9.120065E-3	224.882500	14242963.000000	14242993.000000	-30.000000
969.019000	969.204669	5.203666E-4	9.130675E-3	224.963900	14247459.000000	14247487.000000	-28.000000
969.030000	969.214671	5.178827E-4	9.100686E-3	225.028400	14251957.000000	14251988.000000	-31.000000
969.040000	969.224594	5.195823E-4	9.147181E-3	224.988500	14256308.000000	14256390.000000	-82.000000
969.049000	969.234596	5.215843E-4	9.198008E-3	224.922800	14260759.000000	14260787.000000	-28.000000
969.059000	969.244597	5.220786E-4	9.223459E-3	224.845800	14265252.000000	14265280.000000	-28.000000
969.068000	969.254598	5.210407E-4	9.224158E-3	224.804900	14269659.000000	14269686.000000	-27.000000
969.078000	969.264521	5.193288E-4	9.215717E-3	224.733300	14274154.000000	14274184.000000	-30.000000
969.086000	969.274444	5.208984E-4	9.263824E-3	224.800300	14278504.000000	14278586.000000	-82.000000
969.095000	969.284367	5.191153E-4	9.251815E-3	224.799000	14283054.000000	14283083.000000	-29.000000
969.104000	969.294367	5.188655E-4	9.269202E-3	224.900000	14287552.000000	14287581.000000	-29.000000
969.114000	969.304368	5.171430E-4	9.264189E-3	224.991800	14291951.000000	14291978.000000	-27.000000
969.122000	969.314290	5.198578E-4	9.338078E-3	225.008800	14296453.000000	14296481.000000	-28.000000
969.132000	969.324212	5.207466E-4	9.378873E-3	225.073800	14300947.000000	14300976.000000	-29.000000
969.143000	969.334212	5.216120E-4	9.427359E-3	225.081000	14305443.000000	14305471.000000	-28.000000
969.150000	969.344134	5.201645E-4	9.429252E-3	225.148600	14309945.000000	14309976.000000	-31.000000
969.159000	969.354056	5.194197E-4	9.444820E-3	225.114000	14314436.000000	14314464.000000	-28.000000
969.168000	969.363977	5.192406E-4	9.466923E-3	225.043700	14318937.000000	14318967.000000	-30.000000
969.177000	969.373898	5.175652E-4	9.468084E-3	225.075600	14323340.000000	14323368.000000	-28.000000
969.190000	969.383898	5.176719E-4	9.499607E-3	225.130400	14327838.000000	14327865.000000	-27.000000
969.198000	969.393819	5.160103E-4	9.496660E-3	225.177000	14332340.000000	14332368.000000	-28.000000
969.208000	969.403740	5.196214E-4	9.586439E-3	225.115800	14336847.000000	14336876.000000	-29.000000
969.217000	969.413660	5.200821E-4	9.625327E-3	225.059800	14341345.000000	14341374.000000	-29.000000
969.226000	969.423581	5.214480E-4	9.679390E-3	225.105400	14345841.000000	14345868.000000	-27.000000
969.235000	969.433501	5.191322E-4	9.658664E-3	225.105400	14350199.000000	14350263.000000	-64.000000
969.244000	969.443422	5.196812E-4	9.693662E-3	225.128200	14354700.000000	14354767.000000	-67.000000
969.256000	969.453342	5.190032E-4	9.707840E-3	225.168000	14359239.000000	14359269.000000	-30.000000
969.264000	969.463262	5.184075E-4	9.719603E-3	225.045400	14363734.000000	14363764.000000	-30.000000
969.274000	969.473182	5.176760E-4	9.727181E-3	225.039800	14368086.000000	14368169.000000	-83.000000
969.282000	969.483179	5.173648E-4	9.743141E-3	224.942400	14372634.000000	14372665.000000	-31.000000
969.291000	969.493099	5.208553E-4	9.833648E-3	224.967300	14377130.000000	14377158.000000	-28.000000
969.301000	969.503018	5.213364E-4	9.872296E-3	225.019000	14381634.000000	14381662.000000	-28.000000
969.309000	969.512938	5.225391E-4	9.915342E-3	225.059900	14386127.000000	14386154.000000	-27.000000
969.318000	969.522935	5.191754E-4	9.875352E-3	225.109800	14390529.000000	14390558.000000	-29.000000
969.329000	969.532854	5.203317E-4	9.921718E-3	225.119300	14395026.000000	14395054.000000	-28.000000
969.340000	969.542773	5.199890E-4	9.941400E-3	225.069300	14399523.000000	14399552.000000	-29.000000
969.348000	969.552769	5.196599E-4	9.954637E-3	225.087500	14403924.000000	14403952.000000	-28.000000
969.357000	969.562766	5.180152E-4	9.947192E-3	225.106400	14408424.000000	14408455.000000	-31.000000
969.365000	969.572684	5.186008E-4	9.982398E-3	225.129800	14412919.000000	14412946.000000	-27.000000
969.374000	969.582603	5.218266E-4	1.007091E-2	225.146200	14417319.000000	14417348.000000	-29.000000
969.383000	969.592521	5.223606E-4	1.010376E-2	225.167600	14421817.000000	14421847.000000	-30.000000
969.392000	969.602517	5.217571E-4	1.011723E-2	225.169500	14426313.000000	14426342.000000	-29.000000
969.402000	969.612356	5.187990E-4	1.008493E-2	225.148000	14430814.000000	14430842.000000	-28.000000
969.412000	969.622274	5.197745E-4	1.012614E-2	225.133500	14435317.000000	14435347.000000	-30.000000
969.422000	969.632192	5.181090E-4	1.011758E-2	225.147100	14439676.000000	14439750.000000	-74.000000
969.431000	969.642109	5.181208E-4	2.011038E-2	225.144300	14444068.000000	14444138.000000	-70.000000
969.439000	969.652026	5.166658E-4	1.013051E-2	225.047400	14448611.000000	14448640.000000	-29.000000
969.448000	969.661943	5.189615E-4	1.019380E-2	224.997200	14453106.000000	14453137.000000	-31.000000
969.456000	969.671938	5.215026E-4	1.026220E-2	225.002900	14457612.000000	14457640.000000	-28.000000
969.468000	969.681777	5.225712E-4	1.030458E-2	224.872200	14462118.000000	14462148.000000	-30.000000
969.477000	969.691693	5.218410E-4	1.030812E-2	224.854000	14466620.000000	14466651.000000	-31.000000
969.486000	969.701688	5.200144E-4	1.028934E-2	224.930200	14471116.000000	14471146.000000	-30.000000
969.495000	969.711682	5.215986E-4	1.033601E-2	224.944700	14475611.000000	14475640.000000	-29.000000
969.506000	969.721520	5.202427E-4	1.032877E-2	224.852900	14480109.000000	14480138.000000	-29.000000
969.513000	969.731358	5.211598E-4	1.036132E-2	224.891100	14484608.000000	14484638.000000	-30.000000
969.523000	969.741274	5.194894E-4	1.034533E-2	224.921200	14489102.000000	14489132.000000	-30.000000
969.532000	969.751268	5.230806E-4	1.043341E-2	224.959100	14493599.000000	14493628.000000	-29.000000
969.543000	969.761106	5.252988E-4	1.049775E-2	224.968900	14497961.000000	14498044.000000	-83.000000
969.550000	969.771021	5.258484E-4	1.052260E-2	224.853400	14502500.000000	14502525.000000	-25.000000
969.560000	969.780936	5.233279E-4	1.049252E-2	224.847800	14506995.000000	14507020.000000	-25.000000
969.571000	969.790851	5.218900E-4	1.048735E-2	224.793000	14511494.000000	14511524.000000	-30.000000
969.578000	969.800766	5.228399E-4	1.052685E-2	224.721000	14516003.000000	14516030.000000	-27.000000
969.587000	969.810681	5.214710E-4	1.052018E-2	224.763900	14520508.000000	14520534.000000	-26.000000
969.596000	969.820596	5.214010E-4	1.054098E-2	224.864700	14525001.000000	14525032.000000	-31.000000
969.607000	969.830510	5.197869E-4	1.053215E-2	224.905200	14529500.000000	14529530.000000	-30.000000
969.616000	969.840425	5.236560E-4	1.063484E-2	224.982200	14533902.000000	14533930.000000	-28.000000
969.625000	969.850417	5.236994E-4	1.065670E-2	224.984600	14538398.000000	14538426.000000	-28.000000
969.635000	969.860409	5.238850E-4	1.068730E-2	224.925600	14542746.000000	14542829.000000	-83.000000
969.645000	969.870323	5.564256E-4	1.064234E-2	224.998300	14547185.000000	14547212.000000	-27.000000
969.652000	969.880237	5.198217E-4	1.065069E-2	225.066700	14551586.000000	14551613.000000	-27.000000
969.662000	969.890151	5.194092E-4	1.066248E-2	225.114400	14556085.000000	14556114.000000	-29.000000
969.672000	969.900064	5.178572E-4	1.065181E-2	225.012500	14560587.000000	14560616.000000	-29.000000
969.681000	969.909978	5.170354E-4	1.065416E-2	225.017100	14565096.000000	14565127.000000	-31.000000
969.690000	969.919891	5.160653E-4	1.064767E-2	225.076400	14569594.000000	14569622.000000	-28.000000
969.699000	969.929804	5.196837E-4	1.073696E-2	225.066500	14574094.000000	14574121.000000	-27.000000
969.712000	969.939717	5.204310E-4	1.077157E-2	225.060100	14578491.000000	14578517.000000	-26.000000
969.720000	969.949552	5.204209E-4	1.078635E-2	224.964000	14582991.000000	14583022.000000	-31.000000
969.728000	969.959542	5.171114E-4	1.072901E-2	225.015400	14587488.000000	14587518.000000	-30.000000
969.728000	969.959542	5.173582E-4	1.073400E-2	225.056900	14589944.000000	14590011.000000	-67.000000
969.738000	969.969455	5.182567E-4	1.076493E-2	225.082400	14594481.000000	14594505.000000	-24.000000
969.749000	969.979367	5.179575E-4	1.077152E-2	225.124500	14598980.000000	14599010.000000	-30.000000
969.759000	969.989279	5.167910E-4	1.075866E-2	225.155300	14603479.000000	14603508.000000	-29.000000
969.768000	969.999191	5.162956E-4	1.075779E-2	225.024600	14607975.000000	14608004.000000	-29.000000
969.776000	970.009103	5.172872E-4	1.079025E-2	224.905800	14612377.000000	14612405.000000	-28.000000
969.786000	970.019015	5.221050E-4	1.090403E-2	224.957000	14616872.000000	14616901.000000	-29.000000
969.795000	970.028927	5.209596E-4	1.089187E-2	224.898700	14621372.000000	14621398.000000	-26.000000
969.805000	970.038838	5.202181E-4	1.089039E-2	224.943200	14625770.000000	14625801.000000	-31.000000
969.815000	970.048749	5.176459E-4	1.084901E-2	224.986700	14630274.000000	14630302.000000	-28.000000
969.824000	970.058660	5.186054E-4	1.088127E-2	225.029900	14634768.000000	14634798.000000	-30.000000
969.833000	970.068650	5.173191E-4	1.086634E-2	225.074400	14639280.000000	14639309.000000	-29.000000
969.841000	970.078560	5.178371E-4	1.088860E-2	225.006000	14643779.000000	14643805.000000	-26.000000
969.851000	970.088393	5.163938E-4	1.087119E-2	225.024000	14648276.000000	14648306.000000	-30.000000
969.858000	970.098304	5.193837E-4	1.094757E-2	225.073000	14652773.000000	14652802.000000	-29.000000
969.869000	970.108214	5.226418E-4	1.102986E-2	225.098100	14657270.000000	14657298.000000	-28.000000
969.877000	970.118202	5.221451E-4	1.102977E-2	224.995800	14661766.000000	14661798.000000	-32.000000
969.888000	970.128034	5.206721E-4	1.101232E-2	224.959200	14666264.000000	14666296.000000	-32.000000
969.897000	970.137866	5.181295E-4	1.096787E-2	225.003800	14670760.000000	14670789.000000	-29.000000
969.908000	970.147776	5.197080E-4	1.101074E-2	225.064900	14675167.000000	14675196.000000	-29.000000
969.917000	970.157686	5.182630E-4	1.098770E-2	224.988700	14679661.000000	14679690.000000	-29.000000
969.926000	970.167439	5.181938E-4	1.099078E-2	224.969200	14684158.000000	14684186.000000	-28.000000
969.933000	970.177349	5.172550E-4	1.097770E-2	224.978400	14688657.000000	14688688.000000	-31.000000
969.943000	970.187258	5.212377E-4	1.106625E-2	224.907000	14693156.000000	14693186.000000	-30.000000
969.954000	970.197167	5.236563E-4	1.112367E-2	224.946200	14697669.000000	14697701.000000	-32.000000
969.963000	970.207076	5.216371E-4	1.108355E-2	225.015000	14702165.000000	14702194.000000	-29.000000
969.971000	970.217063	5.207341E-4	1.106731E-2	224.950600	14706661.000000	14706688.000000	-27.000000
969.982000	970.226894	5.188417E-4	1.103187E-2	224.826500	14711155.000000	14711185.000000	-30.000000
969.991000	970.236802	5.200895E-4	1.106194E-2	224.838800	14715657.000000	14715686.000000	-29.000000
969.998000	970.246632	5.178736E-4	1.101856E-2	224.829200	14720158.000000	14720188.000000	-30.000000
970.008000	970.256541	5.182048E-4	1.103026E-2	224.875800	14724654.000000	14724680.000000	-26.000000
970.019000	970.266371	5.183249E-4	1.103961E-2	224.955300	14729152.000000	14729180.000000	-28.000000
970.028000	970.276279	5.220768E-4	1.112616E-2	225.035700	14733551.000000	14733578.000000	-27.000000
970.036000	970.286186	5.217740E-4	1.112733E-2	225.073300	14738048.000000	14738077.000000	-29.000000
970.046000	970.296016	5.212403E-4	1.112497E-2	225.095300	14742547.000000	14742575.000000	-28.000000
970.056000	970.305845	5.188504E-4	1.108605E-2	225.142500	14747045.000000	14747074.000000	-29.000000
970.065000	970.315753	5.168262E-4	1.105442E-2	225.144800	14751542.000000	14751571.000000	-29.000000
970.073000	970.325582	5.173980E-4	1.107791E-2	225.069700	14756054.000000	14756081.000000	-27.000000
970.083000	970.335489	8.004125E-1	1.105193E-2	225.109100	14760442.000000	14760471.000000	-29.000000
970.093000	970.345318	5.160477E-4	1.107589E-2	225.151200	14764947.000000	14764976.000000	-29.000000
970.102000	970.355225	5.167838E-4	1.110504E-2	225.180200	14769450.000000	14769479.000000	-29.000000
970.113000	970.365131	5.216132E-4	1.122301E-2	225.113400	14773949.000000	14773977.000000	-28.000000
970.122000	970.375038	5.209483E-4	1.122077E-2	225.042800	14778445.000000	14778473.000000	-28.000000
970.129000	970.384944	5.205698E-4	1.122460E-2	225.071600	14782943.000000	14782975.000000	-32.000000
970.139000	970.394928	5.181717E-4	1.118407E-2	225.114200	14787442.000000	14787469.000000	-27.000000
970.149000	970.404834	5.178619E-4	1.118758E-2	225.150900	14791938.000000	14791968.000000	-30.000000
970.158000	970.414662	5.185765E-4	1.121278E-2	225.005300	14796302.000000	14796367.000000	-65.000000
970.167000	970.424568	5.170173E-4	1.118564E-2	224.962600	14800837.000000	14800865.000000	-28.000000
970.177000	970.434473	5.177426E-4	1.120932E-2	225.014300	14805197.000000	14805268.000000	-71.000000
970.187000	970.444379	5.187202E-4	1.123549E-2	224.912900	14809734.000000	14809761.000000	-27.000000
970.195000	970.454206	5.227227E-4	1.132818E-2	224.954400	14814136.000000	14814161.000000	-25.000000
970.204000	970.464033	5.210084E-4	1.129718E-2	225.019200	14818636.000000	14818665.000000	-29.000000
970.213000	970.473938	5.202832E-4	1.128604E-2	225.010500	14823134.000000	14823165.000000	-31.000000
970.224000	970.483843	5.175047E-4	1.123100E-2	224.917700	14827629.000000	14827660.000000	-31.000000
970.234000	970.493670	5.175892E-4	1.123647E-2	224.928400	14832223.000000	14832252.000000	-29.000000
970.242000	970.503574	5.173653E-4	1.124186E-2	224.998400	14836627.000000	14836655.000000	-28.000000
970.251000	970.513557	5.158230E-4	1.121182E-2	225.018300	14841123.000000	14841150.000000	-27.000000
970.261000	970.523461	5.159262E-4	1.121860E-2	224.901800	14845627.000000	14845656.000000	-29.000000
970.268000	970.533287	5.181790E-4	1.127344E-2	224.872500	14850131.000000	14850163.000000	-32.000000
970.276000	970.543191	5.205965E-4	1.133183E-2	224.923100	14854631.000000	14854659.000000	-28.000000
970.287000	970.553095	5.191129E-4	1.130603E-2	224.888400	14859129.000000	14859158.000000	-29.000000
970.296000	970.562998	5.177767E-4	1.128294E-2	224.911400	14863626.000000	14863653.000000	-27.000000
970.305000	970.572902	5.146815E-4	1.122051E-2	224.992700	14868122.000000	14868150.000000	-28.000000
970.314000	970.582805	5.160524E-4	1.125622E-2	224.992400	14872621.000000	14872649.000000	-28.000000
970.325000	970.592708	5.143374E-4	1.122492E-2	224.924600	14877117.000000	14877145.000000	-28.000000
970.332000	970.602612	5.145425E-4	1.123329E-2	224.992900	14881616.000000	14881644.000000	-28.000000
970.341000	970.612514	5.138203E-4	1.122274E-2	225.066000	14885976.000000	14886048.000000	-72.000000
970.350000	970.622495	5.184850E-4	1.132746E-2	224.991900	14890515.000000	14890544.000000	-29.000000
970.361000	970.632320	5.205682E-4	1.137666E-2	225.005200	14894881.000000	14894950.000000	-69.000000
970.370000	970.642300	5.192298E-4	1.134735E-2	225.052800	14899411.000000	14899444.000000	-33.000000
970.380000	970.652203	5.165903E-4	1.128644E-2	225.082600	14903908.000000	14903939.000000	-31.000000
970.390000	970.662105	5.157802E-4	1.127170E-2	225.096400	14908314.000000	14908342.000000	-28.000000
970.398000	970.672007	5.186986E-4	1.133791E-2	225.117200	14912810.000000	14912839.000000	-29.000000
970.408000	970.681909	5.171976E-4	1.130567E-2	225.135000	14917213.000000	14917240.000000	-27.000000
970.420000	970.691811	5.183588E-4	1.133001E-2	225.004000	14921706.000000	14921737.000000	-31.000000
970.428000	970.701634	5.186893E-4	1.133607E-2	225.027600	14926109.000000	14926135.000000	-26.000000
970.438000	970.711458	5.236485E-4	1.144389E-2	225.063800	14930508.000000	14930539.000000	-31.000000
970.448000	970.721281	5.239146E-4	1.144860E-2	225.002400	14934869.000000	14934939.000000	-70.000000
970.457000	970.731182	5.225858E-4	1.141842E-2	224.885500	14939408.000000	14939436.000000	-28.000000
970.465000	970.741005	5.199946E-4	1.136216E-2	224.886600	14943770.000000	14943839.000000	-69.000000
970.474000	970.750984	5.191775E-4	1.134499E-2	224.959800	14948307.000000	14948335.000000	-28.000000
970.484000	970.760963	5.201771E-4	1.136977E-2	224.972400	14952706.000000	14952735.000000	-29.000000
970.494000	970.770941	5.184380E-4	1.133471E-2	224.924900	14957208.000000	14957239.000000	-31.000000
970.502000	970.780764	5.191970E-4	1.135501E-2	224.966600	14961701.000000	14961728.000000	-27.000000
970.512000	970.790742	5.199374E-4	1.137767E-2	224.921700	14966106.000000	14966137.000000	-31.000000
970.521000	970.800642	5.240900E-4	1.147500E-2	224.958400	14970603.000000	14970631.000000	-28.000000
970.526000	970.810542	5.226231E-4	1.145223E-2	224.879600	14975101.000000	14975127.000000	-26.000000
970.534000	970.820364	5.218315E-4	1.144366E-2	224.911700	14979501.000000	14979530.000000	-29.000000
970.542000	970.830264	5.178706E-4	1.136703E-2	224.990800	14984001.000000	14984028.000000	-27.000000
970.553000	970.840085	5.178872E-4	1.137700E-2	225.014400	14988352.000000	14988437.000000	-85.000000
970.561000	970.849985	5.171181E-4	1.136942E-2	224.931500	14992801.000000	14992828.000000	-27.000000
970.571000	970.859806	5.168886E-4	1.137212E-2	224.987100	14997299.000000	14997329.000000	-30.000000
970.578000	970.869783	4.164480E-4	1.137173E-2	225.037800	15001692.000000	15001721.000000	-29.000000
970.589000	970.879682	5.184581E-4	1.142419E-2	224.944400	15006197.000000	15006225.000000	-28.000000
970.598000	970.889581	5.219484E-4	1.150894E-2	224.977000	15010695.000000	15010723.000000	-28.000000
970.608000	970.899479	5.207777E-4	1.149037E-2	224.880600	15015193.000000	15015224.000000	-31.000000
970.617000	970.909378	5.198872E-4	1.147472E-2	224.829000	15019694.000000	15019723.000000	-29.000000
970.627000	970.919276	5.162869E-4	1.139946E-2	224.908400	15024187.000000	15024218.000000	-31.000000
970.637000	970.929174	5.172649E-4	1.142236E-2	224.923600	15028683.000000	15028710.000000	-27.000000
970.644000	970.939072	5.159023E-4	1.139266E-2	224.936800	15033087.000000	15033118.000000	-31.000000
970.654000	970.948970	5.162393E-4	1.140052E-2	224.937600	15037582.000000	15037613.000000	-31.000000
970.663000	970.958868	5.164744E-4	1.140536E-2	225.017400	15041985.000000	15042015.000000	-30.000000
970.674000	970.968766	5.193415E-4	1.146875E-2	225.079800	15046483.000000	15046512.000000	-29.000000
970.681000	970.978741	5.218427E-4	1.152366E-2	225.132100	15050981.000000	15051010.000000	-29.000000
970.693000	970.988561	5.193286E-4	1.146906E-2	225.050800	15055383.000000	15055413.000000	-30.000000
970.701000	970.998458	5.177740E-4	1.143515E-2	225.032400	15059880.000000	15059909.000000	-29.000000
970.711000	971.008355	5.144276E-4	1.136412E-2	224.998700	15064239.000000	15064306.000000	-67.000000
970.722000	971.018252	5.153950E-4	1.138634E-2	224.963900	15068775.000000	15068803.000000	-28.000000
970.731000	971.028148	5.146747E-4	1.137174E-2	225.028400	15073178.000000	15073209.000000	-31.000000
970.738000	971.038045	5.152918E-4	1.138891E-2	225.110000	15077675.000000	15077702.000000	-27.000000
970.748000	971.048019	5.165800E-4	1.142166E-2	225.073900	15082079.000000	15082108.000000	-29.000000
970.758000	971.057916	5.199973E-4	1.150036E-2	224.958300	15086577.000000	15086606.000000	-29.000000
970.767000	971.067812	5.213094E-4	1.153728E-2	224.920600	15091071.000000	15091100.000000	-29.000000
970.776000	971.077630	5.194062E-4	1.149890E-2	224.830300	15095475.000000	15095502.000000	-27.000000
970.785000	971.087448	5.173849E-4	1.146232E-2	224.904300	15099973.000000	15100004.000000	-31.000000
970.797000	971.097344	5.149904E-4	1.141433E-2	225.008000	15104471.000000	15104501.000000	-30.000000
970.803000	971.107239	5.165001E-4	1.145263E-2	225.086100	15108839.000000	15108906.000000	-67.000000
970.811000	971.117135	5.150355E-4	1.142517E-2	225.164500	15113369.000000	15113397.000000	-28.000000
970.820000	971.126952	5.169336E-4	1.146768E-2	225.211200	15117866.000000	15117896.000000	-30.000000
970.832000	971.136847	5.174772E-4	1.148415E-2	225.245800	15122362.000000	15122388.000000	-26.000000
970.840000	971.146742	5.217423E-4	1.158004E-2	225.158200	15126761.000000	15126792.000000	-31.000000
970.850000	971.156637	5.213071E-4	1.156944E-2	225.093600	15131266.000000	15131294.000000	-28.000000
970.858000	971.166532	5.201355E-4	1.154399E-2	225.127400	15135762.000000	15135792.000000	-30.000000
970.868000	971.176504	5.170636E-4	1.147232E-2	225.148100	15140257.000000	15140284.000000	-27.000000
970.877000	971.186476	5.158978E-4	1.144301E-2	225.074500	15144756.000000	15144785.000000	-29.000000
970.886000	971.196371	5.164378E-4	1.144977E-2	224.958200	15149265.000000	15149296.000000	-31.000000
970.896000	971.206265	5.147344E-4	1.140739E-2	225.003500	15153767.000000	15153798.000000	-31.000000
970.906000	971.216159	5.166975E-4	1.144388E-2	225.083000	15158264.000000	15158291.000000	-27.000000
970.914000	971.226130	5.172652E-4	1.145172E-2	225.134100	15162757.000000	15162783.000000	-26.000000
970.924000	971.235946	5.215463E-4	1.154168E-2	225.126300	15167255.000000	15167286.000000	-31.000000
970.933000	971.245839	5.194820E-4	1.149259E-2	225.032400	15171662.000000	15171691.000000	-29.000000
970.941000	971.255811	5.181093E-4	1.146058E-2	225.044600	15176156.000000	15176186.000000	-30.000000
970.954000	971.265704	5.146233E-4	1.138086E-2	225.078400	15180557.000000	15180584.000000	-27.000000
970.961000	971.275519	5.137257E-4	1.136132E-2	225.084100	15184958.000000	15184987.000000	-29.000000
970.970000	971.285412	5.134407E-4	1.135622E-2	224.976700	15189457.000000	15189487.000000	-30.000000
970.979000	971.295305	5.134237E-4	1.135866E-2	225.019600	15193952.000000	15193981.000000	-29.000000
970.989000	971.305197	5.152469E-4	1.140246E-2	225.043200	15198353.000000	15198382.000000	-29.000000
970.997000	971.315012	5.173780E-4	1.145537E-2	225.040800	15202752.000000	15202780.000000	-28.000000
971.007000	971.324904	5.206580E-4	1.153413E-2	225.087000	15207257.000000	15207283.000000	-26.000000
971.016000	971.334796	5.195308E-4	1.151838E-2	225.039800	15211608.000000	15211683.000000	-75.000000
971.026000	971.344611	5.183925E-4	1.150153E-2	224.978200	15216150.000000	15216179.000000	-29.000000
971.033000	971.354503	5.148400E-4	1.142850E-2	225.015400	15220651.000000	15220680.000000	-29.000000
971.043000	971.364394	5.159097E-4	1.146318E-2	225.062100	15225149.000000	15225177.000000	-28.000000
971.053000	971.374286	5.144533E-4	1.143710E-2	225.105200	15229644.000000	15229672.000000	-28.000000
971.062000	971.384177	5.156062E-4	1.147236E-2	225.100100	15234140.000000	15234170.000000	-30.000000
971.073000	971.394069	5.168655E-4	1.150466E-2	225.103500	15238641.000000	15238668.000000	-27.000000
971.079000	971.403882	5.193767E-4	1.156509E-2	225.107200	15243037.000000	15243069.000000	-32.000000
971.089000	971.413773	5.205643E-4	1.159598E-2	225.076000	15247540.000000	15247566.000000	-26.000000
971.098000	971.423742	5.201122E-4	1.158964E-2	225.022900	15252037.000000	15252066.000000	-29.000000
971.108000	971.433632	5.173713E-4	1.153147E-2	224.962200	15256404.000000	15256471.000000	-67.000000
971.115000	971.443523	5.138568E-4	1.145603E-2	224.915300	15260935.000000	15260964.000000	-29.000000
971.126000	971.453413	5.131286E-4	1.143902E-2	224.964300	15265431.000000	15265461.000000	-30.000000
971.135000	971.463304	5.121495E-4	1.142089E-2	225.019300	15269929.000000	15269959.000000	-30.000000
971.145000	971.473194	5.138874E-4	1.145952E-2	225.042200	15274301.000000	15274373.000000	-72.000000
971.152000	971.483084	5.135025E-4	1.145112E-2	224.998700	15278831.000000	15278862.000000	-31.000000
971.167000	971.492973	5.138226E-4	1.145814E-2	224.902200	15283326.000000	15283354.000000	-28.000000
971.178000	971.502863	5.149802E-4	1.148924E-2	224.950800	15287822.000000	15287851.000000	-29.000000
971.188000	971.512753	5.101058E-4	1.138338E-2	224.896100	15292331.000000	15292359.000000	-28.000000
971.197000	971.522564	5.089711E-4	1.136094E-2	224.871100	15296834.000000	15296859.000000	-25.000000
971.204000	971.532453	5.064109E-4	1.130554E-2	224.931600	15301333.000000	15301362.000000	-29.000000
971.216000	971.542265	5.071115E-4	1.132583E-2	225.000600	15305730.000000	15305758.000000	-28.000000
971.224000	971.552154	-7.995948E-1	1.131493E-2	225.047800	15310119.000000	15310147.000000	-28.000000
971.234000	971.561964	5.087569E-4	1.136883E-2	225.083200	15314626.000000	15314657.000000	-31.000000
971.253000	971.521552	-7.995891E-1	1.149250E-2	225.039400	15360905.000000	15360933.000000	-28.000000
971.263000	971.531441	5.137686E-4	1.150009E-2	225.021300	15365418.000000	15365445.000000	-27.000000
971.271000	971.541330	5.099534E-4	1.141927E-2	224.982300	15369919.000000	15369947.000000	-28.000000
971.280000	971.551219	5.887221E-3	1.140183E-2	224.916500	15374307.000000	15374336.000000	-29.000000
971.290000	971.561030	5.068402E-4	1.135693E-2	224.959000	15378816.000000	15378845.000000	-29.000000
971.302000	971.570919	-7.995934E-1	1.138927E-2	225.010800	15383205.000000	15383235.000000	-30.000000
971.309000	971.580807	5.087505E-4	1.140008E-2	225.054800	15387711.000000	15387743.000000	-32.000000
971.327000	971.597469	5.139282E-4	1.151557E-2	225.157500	15461665.000000	15461734.000000	-69.000000
971.338000	971.607358	5.149849E-4	1.153387E-2	225.186400	15466185.000000	15466212.000000	-27.000000
971.347000	971.617246	5.138410E-4	1.150217E-2	225.188500	15470590.000000	15470619.000000	-29.000000
971.358000	971.627056	5.093725E-4	1.139543E-2	225.060200	15475082.000000	15475112.000000	-30.000000
971.368000	971.636865	5.093773E-4	1.138952E-2	225.056300	15479581.000000	15479609.000000	-28.000000
971.368000	971.636865	5.092393E-4	1.138637E-2	225.102100	15482086.000000	15482118.000000	-32.000000
971.376000	971.646753	5.081493E-4	1.135626E-2	225.067100	15486590.000000	15486619.000000	-29.000000
971.390000	971.656640	1.347668E-3	1.137922E-2	224.949800	15490978.000000	15491005.000000	-27.000000
971.397000	971.666450	5.122236E-4	1.143191E-2	224.970200	15495492.000000	15495521.000000	-29.000000
971.405000	971.676337	5.141927E-4	1.147313E-2	225.031800	15499988.000000	15500017.000000	-29.000000
971.414000	971.686224	5.166607E-4	1.152159E-2	225.070800	15504346.000000	15504424.000000	-78.000000
971.426000	971.696033	5.146884E-4	1.147139E-2	224.977500	15508886.000000	15508916.000000	-30.000000
971.434000	971.705841	2.050876E-3	1.144483E-2	224.984300	15513273.000000	15513303.000000	-30.000000
971.442000	971.715728	5.098081E-4	1.135893E-2	225.050000	15517642.000000	15517718.000000	-76.000000
971.454000	971.725536	5.097299E-4	1.135926E-2	225.009400	15522171.000000	15522200.000000	-29.000000
971.464000	971.735345	5.096367E-4	1.136005E-2	224.957200	15526575.000000	15526605.000000	-30.000000
971.472000	971.745231	5.115023E-4	1.140474E-2	224.973500	15531068.000000	15531100.000000	-32.000000
971.479000	971.755117	5.117583E-4	1.141463E-2	224.986300	15535473.000000	15535502.000000	-29.000000
971.490000	971.765003	5.152312E-4	1.149769E-2	224.955900	15539970.000000	15539999.000000	-29.000000
971.498000	971.774888	5.166206E-4	1.153537E-2	224.965000	15544467.000000	15544496.000000	-29.000000
971.510000	971.784774	5.148104E-4	1.150241E-2	224.884100	15548973.000000	15549001.000000	-28.000000
971.516000	971.794581	5.124454E-4	1.145610E-2	224.804000	15553479.000000	15553508.000000	-29.000000
971.528000	971.804466	8.386616E-3	1.136995E-2	224.849700	15557867.000000	15557896.000000	-29.000000
971.540000	971.814274	5.082048E-4	1.137632E-2	224.925000	15562378.000000	15562409.000000	-31.000000
971.547000	971.824158	5.076079E-4	1.136687E-2	224.938000	15566872.000000	15566901.000000	-29.000000
971.557000	971.833965	5.098486E-4	1.142407E-2	224.897000	15571373.000000	15571404.000000	-31.000000
971.566000	971.843850	5.107130E-4	1.144649E-2	224.962400	15575868.000000	15575895.000000	-27.000000
971.577000	971.853734	5.131124E-4	1.150423E-2	224.997200	15580367.000000	15580395.000000	-28.000000
971.587000	971.863619	5.135117E-4	1.151462E-2	225.067800	15584861.000000	15584886.000000	-25.000000
971.599000	971.873425	5.082059E-4	1.139585E-2	225.075100	15589361.000000	15589390.000000	-29.000000
971.605000	971.883309	5.069120E-4	1.136670E-2	224.989900	15593858.000000	15593888.000000	-30.000000
971.617000	971.893115	5.041498E-4	1.130535E-2	225.028200	15598357.000000	15598385.000000	-28.000000
971.623000	971.902999	5.056600E-4	1.133933E-2	225.087700	15602857.000000	15602885.000000	-28.000000
971.633000	971.912882	5.068228E-4	1.136419E-2	225.014600	15607369.000000	15607401.000000	-32.000000
971.641000	971.922688	5.095986E-4	1.142734E-2	225.021200	15611865.000000	15611893.000000	-28.000000
971.653000	971.932493	5.132402E-4	1.151009E-2	225.058600	15616363.000000	15616394.000000	-31.000000
971.666000	971.942299	5.132263E-4	1.151042E-2	225.113000	15620860.000000	15620886.000000	-26.000000
971.674000	971.952260	5.130814E-4	1.150810E-2	225.159600	15625352.000000	15625383.000000	-31.000000
971.681000	971.962220	5.084259E-4	1.140393E-2	225.186100	15629853.000000	15629882.000000	-29.000000
971.692000	971.972181	5.066949E-4	1.136889E-2	225.192900	15634351.000000	15634382.000000	-31.000000
971.702000	971.982141	5.067243E-4	1.137249E-2	225.194200	15638848.000000	15638877.000000	-29.000000
971.712000	971.992023	5.085831E-4	1.141947E-2	225.136800	15643345.000000	15643373.000000	-28.000000
971.721000	972.001906	5.115858E-4	1.149049E-2	225.039600	15647847.000000	15647875.000000	-28.000000
971.731000	972.011866	5.123893E-4	1.151056E-2	225.033500	15652355.000000	15652384.000000	-29.000000
971.743000	972.021825	5.155459E-4	1.158472E-2	224.970300	15656854.000000	15656885.000000	-31.000000
971.754000	972.031785	5.123710E-4	1.151235E-2	225.002900	15661352.000000	15661378.000000	-26.000000
971.762000	972.041744	5.072925E-4	1.139626E-2	225.048800	15665848.000000	15665877.000000	-29.000000
971.772000	972.051704	5.057407E-4	1.136679E-2	225.030800	15670210.000000	15670283.000000	-73.000000
971.783000	972.061585	5.051778E-4	1.135694E-2	224.968400	15674746.000000	15674777.000000	-31.000000
971.793000	972.071544	5.082943E-4	1.142691E-2	225.006100	15679245.000000	15679274.000000	-29.000000
971.805000	972.081425	5.098647E-4	1.145941E-2	225.051800	15683743.000000	15683771.000000	-28.000000
971.810000	972.091384	5.118744E-4	1.150336E-2	224.930100	15688239.000000	15688267.000000	-28.000000
971.824000	972.101342	5.135403E-4	1.153447E-2	224.949600	15692737.000000	15692766.000000	-29.000000
971.832000	972.111301	5.119236E-4	1.149350E-2	225.018600	15697232.000000	15697261.000000	-29.000000
971.843000	972.121181	5.093817E-4	1.143045E-2	225.065700	15701729.000000	15701760.000000	-31.000000
971.850000	972.131139	5.045070E-4	1.131523E-2	225.095600	15706235.000000	15706263.000000	-28.000000
971.863000	972.141020	5.043465E-4	1.130640E-2	225.130200	15710741.000000	15710770.000000	-29.000000
971.875000	972.150900	5.072465E-4	1.136748E-2	225.156100	15715240.000000	15715267.000000	-27.000000
971.882000	972.160857	5.086565E-4	1.139609E-2	225.151600	15719600.000000	15719677.000000	-77.000000
971.890000	972.170815	5.107252E-4	1.144129E-2	225.148500	15724136.000000	15724166.000000	-30.000000
971.902000	972.180694	5.129837E-4	1.148960E-2	225.152800	15728631.000000	15728661.000000	-30.000000
971.912000	972.190652	5.152766E-4	1.153919E-2	225.159600	15733135.000000	15733163.000000	-28.000000
971.921000	972.200609	5.112611E-4	1.144941E-2	225.149100	15737596.000000	15737668.000000	-72.000000
971.931000	972.210566	5.085032E-4	1.138979E-2	225.150900	15742130.000000	15742156.000000	-26.000000
971.941000	972.220600	5.062601E-4	1.134081E-2	225.095100	15746630.000000	15746658.000000	-28.000000
971.953000	972.230557	5.076465E-4	1.137712E-2	225.004100	15751123.000000	15751155.000000	-32.000000
971.961000	972.240513	5.113947E-4	1.146550E-2	224.950800	15755619.000000	15755648.000000	-29.000000
971.973000	972.250392	5.124725E-4	1.149545E-2	224.851300	15760118.000000	15760145.000000	-27.000000
971.983000	972.260348	5.159598E-4	1.157892E-2	224.899000	15764630.000000	15764657.000000	-27.000000
971.993000	972.270304	5.155373E-4	1.157379E-2	224.957300	15769131.000000	15769157.000000	-26.000000
972.001000	972.280260	5.132560E-4	1.152643E-2	224.903200	15773626.000000	15773653.000000	-27.000000
972.014000	972.290138	5.091594E-4	1.143667E-2	224.868900	15778124.000000	15778154.000000	-30.000000
972.021000	972.300016	5.056329E-4	1.135811E-2	224.909700	15782625.000000	15782654.000000	-29.000000
972.032000	972.309971	5.084581E-4	1.142356E-2	224.965300	15787117.000000	15787148.000000	-31.000000
972.041000	972.319848	5.102940E-4	1.146463E-2	225.014400	15791616.000000	15791646.000000	-30.000000
972.055000	972.329648	5.122131E-4	1.150748E-2	224.984900	15796115.000000	15796144.000000	-29.000000
972.063000	972.339603	5.141090E-4	1.154968E-2	224.856700	15800611.000000	15800639.000000	-28.000000
972.074000	972.349480	5.132969E-4	1.152859E-2	224.802500	15805110.000000	15805141.000000	-31.000000
972.084000	972.359435	5.125558E-4	1.151033E-2	224.881100	15809619.000000	15809648.000000	-29.000000
972.092000	972.369389	5.066239E-4	1.137482E-2	224.944300	15814119.000000	15814145.000000	-26.000000
972.102000	972.379344	5.049529E-4	1.133447E-2	225.001300	15818619.000000	15818647.000000	-28.000000
972.112000	972.389220	5.054217E-4	1.134455E-2	224.980500	15823113.000000	15823145.000000	-32.000000
972.125000	972.399174	5.077252E-4	1.139678E-2	224.885300	15827611.000000	15827639.000000	-28.000000
972.136000	972.409050	5.111131E-4	1.147429E-2	224.941300	15832107.000000	15832138.000000	-31.000000
972.143000	972.419082	5.110332E-4	1.147520E-2	225.005600	15836608.000000	15836634.000000	-26.000000
972.154000	972.429036	5.133068E-4	1.152976E-2	225.043200	15841104.000000	15841132.000000	-28.000000
972.165000	972.438989	5.105869E-4	1.147190E-2	225.062300	15845604.000000	15845633.000000	-29.000000
972.174000	972.448942	5.051129E-4	1.135561E-2	225.035200	15850101.000000	15850131.000000	-30.000000
972.185000	972.458896	5.031301E-4	1.131521E-2	225.064100	15854604.000000	15854633.000000	-29.000000
972.194000	972.468771	5.022887E-4	1.130289E-2	225.083300	15859113.000000	15859139.000000	-26.000000
972.208000	972.478724	5.068277E-4	1.141248E-2	225.104200	15863603.000000	15863631.000000	-28.000000
972.216000	972.488677	5.075952E-4	1.142739E-2	225.128500	15868105.000000	15868129.000000	-24.000000
972.231000	972.498551	5.062108E-4	1.141224E-2	225.139800	15872605.000000	15872637.000000	-32.000000
972.241000	972.508504	5.062261E-4	1.142175E-2	225.153900	15877099.000000	15877128.000000	-29.000000


