972.239000	972.461228	5.092884E-4	1.146688E-2	249.933500	16884968.000000	16884997.000000	-29.000000
972.232000	972.451275	5.083723E-4	1.144309E-2	249.994400	16889464.000000	16889493.000000	-29.000000
972.224000	972.441322	5.077275E-4	1.142744E-2	250.038100	16893963.000000	16893993.000000	-30.000000
972.212000	972.431368	5.047287E-4	1.135425E-2	250.055200	16898461.000000	16898486.000000	-25.000000
972.204000	972.421415	5.038759E-4	1.132827E-2	250.082300	16902966.000000	16902995.000000	-29.000000
972.191000	972.411539	4.997395E-4	1.122692E-2	250.077200	16907471.000000	16907501.000000	-30.000000
972.183000	972.401585	5.013372E-4	1.125702E-2	250.111500	16911970.000000	16911998.000000	-28.000000
972.173000	972.391709	5.043776E-4	1.131892E-2	250.126800	16916470.000000	16916499.000000	-29.000000
972.165000	972.381677	5.083000E-4	1.140237E-2	250.134400	16920964.000000	16920992.000000	-28.000000
972.155000	972.371800	5.117335E-4	1.146879E-2	250.148100	16925461.000000	16925488.000000	-27.000000
972.146000	972.361923	5.098243E-4	1.142064E-2	250.156200	16929959.000000	16929987.000000	-28.000000
972.146000	972.352047	4.913314E-4	1.100623E-2	250.054200	16934458.000000	16934486.000000	-28.000000
972.136000	972.342092	4.906010E-4	1.098307E-2	250.021100	16938954.000000	16938980.000000	-26.000000
972.126000	972.332215	4.877121E-4	1.091199E-2	250.031500	16943341.000000	16943408.000000	-67.000000
972.116000	972.322259	4.871293E-4	1.089692E-2	250.060900	16947852.000000	16947879.000000	-27.000000
972.107000	972.312538	4.846312E-4	1.083771E-2	250.072900	16952349.000000	16952379.000000	-30.000000
972.097000	972.302660	4.883102E-4	1.091912E-2	250.077500	16956847.000000	16956875.000000	-28.000000
972.089000	972.292704	4.927490E-4	1.101810E-2	250.104500	16961353.000000	16961381.000000	-28.000000
972.080000	972.282749	4.969722E-4	1.111357E-2	250.124500	16965730.000000	16965798.000000	-68.000000
972.070000	972.272715	4.984558E-4	1.114948E-2	250.135900	16970244.000000	16970274.000000	-30.000000
972.058000	972.262837	4.954001E-4	1.108266E-2	250.055200	16974753.000000	16974782.000000	-29.000000
972.051000	972.252803	4.958727E-4	1.109465E-2	250.025400	16979256.000000	16979283.000000	-27.000000
972.038000	972.242847	4.923789E-4	1.101772E-2	250.010000	16983751.000000	16983779.000000	-28.000000
972.031000	972.232890	4.918750E-4	1.100598E-2	250.002900	16988133.000000	16988202.000000	-69.000000
972.019000	972.223011	4.916812E-4	1.100370E-2	250.015000	16992652.000000	16992678.000000	-26.000000
972.013000	972.213055	4.957413E-4	1.109563E-2	250.040400	16997148.000000	16997175.000000	-27.000000
972.002000	972.203176	4.998821E-4	1.118737E-2	250.055400	17001649.000000	17001677.000000	-28.000000
971.993000	972.193219	5.021335E-4	1.123787E-2	250.071300	17006144.000000	17006175.000000	-31.000000
971.982000	972.183417	5.022273E-4	1.123829E-2	250.086800	17010640.000000	17010669.000000	-29.000000
971.974000	972.173382	4.987634E-4	1.115844E-2	250.017000	17015141.000000	17015168.000000	-27.000000
971.962000	972.163424	4.982661E-4	1.114362E-2	249.933500	17019637.000000	17019666.000000	-29.000000
971.952000	972.153545	4.943310E-4	1.105105E-2	249.860800	17024133.000000	17024163.000000	-30.000000
971.943000	972.143665	4.940935E-4	1.103934E-2	249.893700	17028521.000000	17028589.000000	-68.000000
971.934000	972.133707	4.957681E-4	1.107319E-2	249.931300	17033033.000000	17033060.000000	-27.000000
971.924000	972.123749	4.999349E-4	1.116288E-2	249.894400	17037530.000000	17037559.000000	-29.000000
971.915000	972.113790	5.042115E-4	1.125544E-2	249.905200	17042033.000000	17042063.000000	-30.000000
971.905000	972.103988	5.028567E-4	1.122413E-2	249.939700	17046542.000000	17046572.000000	-30.000000
971.895000	972.094107	5.019530E-4	1.120352E-2	249.982000	17051038.000000	17051067.000000	-29.000000
971.884000	972.084226	4.978375E-4	1.111150E-2	250.011100	17055532.000000	17055561.000000	-29.000000
971.876000	972.074345	4.967988E-4	1.109016E-2	249.962900	17060032.000000	17060061.000000	-29.000000
971.864000	972.064542	4.942777E-4	1.103572E-2	249.886700	17064533.000000	17064560.000000	-27.000000
971.855000	972.054738	4.946850E-4	1.105044E-2	249.917600	17069031.000000	17069061.000000	-30.000000
971.846000	972.044779	4.989665E-4	1.114976E-2	249.934500	17073525.000000	17073556.000000	-31.000000
971.839000	972.034975	5.016106E-4	1.121382E-2	249.932800	17078020.000000	17078051.000000	-31.000000
971.828000	972.025093	5.056648E-4	1.131316E-2	249.957700	17082524.000000	17082553.000000	-29.000000
971.818000	972.015211	5.032129E-4	1.126475E-2	249.997400	17087019.000000	17087049.000000	-30.000000
971.807000	972.005329	5.024172E-4	1.125362E-2	250.051300	17091529.000000	17091557.000000	-28.000000
971.797000	971.995525	4.996579E-4	1.119558E-2	250.029100	17096030.000000	17096056.000000	-26.000000
971.788000	971.985643	4.987207E-4	1.117918E-2	250.023900	17100529.000000	17100558.000000	-29.000000
971.777000	971.975760	4.988288E-4	1.118228E-2	250.058300	17105024.000000	17105051.000000	-27.000000
971.771000	971.965800	4.988453E-4	1.118088E-2	250.076400	17109522.000000	17109551.000000	-29.000000
971.760000	971.955995	5.030466E-4	1.127232E-2	250.071100	17114020.000000	17114048.000000	-28.000000
971.751000	971.946112	5.072525E-4	1.137208E-2	250.085400	17118518.000000	17118546.000000	-28.000000
971.740000	971.936229	5.093208E-4	1.141911E-2	250.097400	17123015.000000	17123045.000000	-30.000000
971.730000	971.926268	5.062139E-4	1.134617E-2	250.039100	17127392.000000	17127457.000000	-65.000000
971.720000	971.916462	5.049483E-4	1.131432E-2	250.038100	17131911.000000	17131939.000000	-28.000000
971.711000	971.906579	5.033630E-4	1.127278E-2	249.992500	17136318.000000	17136347.000000	-29.000000
971.701000	971.896695	5.014356E-4	1.122259E-2	249.973000	17140812.000000	17140841.000000	-29.000000
971.693000	971.886733	5.028317E-4	1.124695E-2	249.989400	17145213.000000	17145242.000000	-29.000000
971.682000	971.876927	5.047724E-4	1.128376E-2	250.008100	17149711.000000	17149741.000000	-30.000000
971.674000	971.867043	5.098277E-4	1.139185E-2	250.035900	17154094.000000	17154159.000000	-65.000000
971.663000	971.857237	5.102823E-4	1.139729E-2	250.071100	17158609.000000	17158639.000000	-30.000000
971.652000	971.847586	5.094404E-4	1.137515E-2	250.036500	17163108.000000	17163139.000000	-31.000000
971.643000	971.837701	5.065333E-4	1.130650E-2	249.990100	17167605.000000	17167637.000000	-32.000000
971.635000	971.827894	5.050699E-4	1.127205E-2	250.012100	17172102.000000	17172130.000000	-28.000000
971.623000	971.818087	5.031749E-4	1.122711E-2	250.024900	17176503.000000	17176531.000000	-28.000000
971.617000	971.808202	5.018778E-4	1.119800E-2	250.055000	17181004.000000	17181035.000000	-31.000000
971.607000	971.798395	5.047065E-4	1.126043E-2	250.008500	17185385.000000	17185450.000000	-65.000000
971.599000	971.788510	5.064969E-4	1.130016E-2	249.997100	17189897.000000	17189927.000000	-30.000000
971.588000	971.778624	5.118961E-4	1.142164E-2	250.014600	17194302.000000	17194330.000000	-28.000000
971.578000	971.768817	5.116098E-4	1.141691E-2	250.004600	17198802.000000	17198829.000000	-27.000000
971.568000	971.758931	5.107752E-4	1.139790E-2	249.920600	17203176.000000	17203257.000000	-81.000000
971.561000	971.749123	5.085385E-4	1.134907E-2	249.920800	17207700.000000	17207727.000000	-27.000000
971.549000	971.739393	5.072390E-4	1.131922E-2	249.960900	17212198.000000	17212227.000000	-29.000000
971.540000	971.729584	5.074340E-4	1.132040E-2	249.991900	17216693.000000	17216721.000000	-28.000000
971.532000	971.719698	5.070006E-4	1.130814E-2	249.999800	17221081.000000	17221142.000000	-61.000000
971.521000	971.709812	5.111885E-4	1.139696E-2	250.005600	17225592.000000	17225623.000000	-31.000000
971.512000	971.700003	5.130554E-4	1.143440E-2	250.017600	17229980.000000	17230047.000000	-67.000000
971.502000	971.690194	5.168685E-4	1.151292E-2	250.042300	17234374.000000	17234452.000000	-78.000000
971.493000	971.680229	5.151628E-4	1.146963E-2	250.063100	17238889.000000	17238918.000000	-29.000000
971.481000	971.670420	5.130289E-4	1.141642E-2	250.082900	17243391.000000	17243421.000000	-30.000000
971.463000	971.678127	5.094795E-4	1.132322E-2	250.078000	17296178.000000	17296209.000000	-31.000000
971.455000	971.668318	5.106251E-4	1.134341E-2	250.004600	17300585.000000	17300611.000000	-26.000000
971.446000	971.658431	5.103148E-4	1.133207E-2	250.005500	17304995.000000	17305022.000000	-27.000000
971.438000	971.648544	5.135565E-4	1.139940E-2	250.018200	17309483.000000	17309510.000000	-27.000000
971.427000	971.638734	5.159120E-4	1.144974E-2	250.035600	17313981.000000	17314008.000000	-27.000000
971.415000	971.628924	5.184600E-4	1.150725E-2	250.052000	17318478.000000	17318504.000000	-26.000000
971.406000	971.619114	5.161049E-4	1.145624E-2	250.068500	17322971.000000	17323000.000000	-29.000000
971.395000	971.609226	5.131704E-4	1.139369E-2	250.067400	17327376.000000	17327405.000000	-29.000000
971.386000	971.599338	5.125224E-4	1.138297E-2	249.969800	17331777.000000	17331806.000000	-29.000000
971.375000	971.589528	5.104516E-4	1.134227E-2	249.917000	17336274.000000	17336302.000000	-28.000000
971.367000	971.579639	5.121905E-4	1.138341E-2	249.923900	17340772.000000	17340798.000000	-26.000000
971.358000	971.569751	5.119889E-4	2.764491E+2	249.953200	17345269.000000	17345300.000000	-31.000000
971.345000	971.559940	5.168328E-4	1.149800E-2	249.969000	17349766.000000	17349796.000000	-30.000000
971.463000	971.678127	5.094795E-4	1.132322E-2	250.078000	17296178.000000	17296209.000000	-31.000000
971.455000	971.668318	5.106251E-4	1.134341E-2	250.004600	17300585.000000	17300611.000000	-26.000000
971.446000	971.658431	5.103148E-4	1.133207E-2	250.005500	17304995.000000	17305022.000000	-27.000000
971.438000	971.648544	5.135565E-4	1.139940E-2	250.018200	17309483.000000	17309510.000000	-27.000000
971.427000	971.638734	5.159120E-4	1.144974E-2	250.035600	17313981.000000	17314008.000000	-27.000000
971.415000	971.628924	5.184600E-4	1.150725E-2	250.052000	17318478.000000	17318504.000000	-26.000000
971.406000	971.619114	5.161049E-4	1.145624E-2	250.068500	17322971.000000	17323000.000000	-29.000000
971.395000	971.609226	5.131704E-4	1.139369E-2	250.067400	17327376.000000	17327405.000000	-29.000000
971.386000	971.599338	5.125224E-4	1.138297E-2	249.969800	17331777.000000	17331806.000000	-29.000000
971.375000	971.589528	5.104516E-4	1.134227E-2	249.917000	17336274.000000	17336302.000000	-28.000000
971.367000	971.579639	5.121905E-4	1.138341E-2	249.923900	17340772.000000	17340798.000000	-26.000000
971.358000	971.569751	5.119889E-4	2.764491E+2	249.953200	17345269.000000	17345300.000000	-31.000000
971.345000	971.559940	5.168328E-4	1.149800E-2	249.969000	17349766.000000	17349796.000000	-30.000000
971.327000	971.545846	5.161168E-4	1.148370E-2	249.877100	17408557.000000	17408587.000000	-30.000000
971.318000	971.535957	5.146671E-4	1.145495E-2	249.827300	17412961.000000	17412991.000000	-30.000000
971.307000	971.526146	5.109456E-4	1.137583E-2	249.851000	17417456.000000	17417485.000000	-29.000000
971.298000	971.516257	5.118964E-4	1.139786E-2	249.894300	17421954.000000	17421985.000000	-31.000000
971.289000	971.506367	5.104498E-4	1.136663E-2	249.875000	17426454.000000	17426485.000000	-31.000000
971.280000	971.496556	5.124397E-4	1.140399E-2	249.920600	17430948.000000	17430979.000000	-31.000000
971.271000	971.486666	5.130591E-4	1.141614E-2	249.930100	17435450.000000	17435477.000000	-27.000000
971.260000	971.476932	5.167633E-4	1.149462E-2	249.874200	17439946.000000	17439974.000000	-28.000000
971.251000	971.467119	5.171356E-4	1.149962E-2	249.874000	17444442.000000	17444474.000000	-32.000000
971.242000	971.457385	5.139600E-4	1.142598E-2	249.923000	17448938.000000	17448968.000000	-30.000000
971.233000	971.447495	5.120273E-4	1.137795E-2	249.970500	17453453.000000	17453484.000000	-31.000000
971.223000	971.437604	5.095745E-4	1.131773E-2	249.972900	17457948.000000	17457977.000000	-29.000000
971.214000	971.427947	5.111304E-4	1.134684E-2	250.013500	17462444.000000	17462473.000000	-29.000000
971.203000	971.418056	5.097969E-4	1.131329E-2	250.025600	17466849.000000	17466878.000000	-29.000000
971.195000	971.408165	5.126089E-4	1.136952E-2	250.037800	17471346.000000	17471375.000000	-29.000000
971.184000	971.398352	5.161435E-4	1.144131E-2	250.062000	17475843.000000	17475871.000000	-28.000000
971.175000	971.388539	5.179375E-4	1.147949E-2	250.017200	17480342.000000	17480370.000000	-28.000000
971.166000	971.378647	5.175977E-4	1.146976E-2	250.021200	17484836.000000	17484864.000000	-28.000000
971.155000	971.368834	5.143457E-4	1.139535E-2	250.048800	17489330.000000	17489359.000000	-29.000000
971.147000	971.358942	5.143641E-4	1.139447E-2	249.987200	17493737.000000	17493766.000000	-29.000000
971.136000	971.349206	5.127200E-4	1.135738E-2	249.998000	17498123.000000	17498195.000000	-72.000000
971.129000	971.339314	5.139886E-4	1.138298E-2	250.041600	17502637.000000	17502662.000000	-25.000000
971.117000	971.329500	5.140569E-4	1.138331E-2	250.073400	17507133.000000	17507162.000000	-29.000000
971.109000	971.319686	5.174857E-4	1.145895E-2	250.089300	17511631.000000	17511661.000000	-30.000000
971.098000	971.310027	5.205835E-4	1.152456E-2	250.108400	17516131.000000	17516158.000000	-27.000000
971.090000	971.300212	5.209243E-4	1.153150E-2	250.113100	17520626.000000	17520655.000000	-29.000000
971.080000	971.290319	5.196747E-4	1.150092E-2	250.135100	17525124.000000	17525150.000000	-26.000000
971.072000	971.280505	5.163676E-4	1.142509E-2	250.159100	17529620.000000	17529649.000000	-29.000000
971.062000	971.270689	5.159622E-4	1.141092E-2	250.172600	17534231.000000	17534260.000000	-29.000000
971.052000	971.260874	5.147185E-4	9.378086E-3	250.167500	17538635.000000	17538662.000000	-27.000000
971.044000	971.250981	3.672960E-3	1.140448E-2	250.156400	17543021.000000	17543050.000000	-29.000000
971.033000	971.241088	5.152772E-4	1.137680E-2	250.152300	17547531.000000	17547560.000000	-29.000000
971.024000	971.231194	5.190704E-4	1.145178E-2	250.142800	17552029.000000	17552060.000000	-31.000000
971.014000	971.221456	5.204680E-4	1.147369E-2	250.135100	17556528.000000	17556555.000000	-27.000000
971.007000	971.211562	5.204712E-4	1.146741E-2	250.043400	17561024.000000	17561052.000000	-28.000000
970.996000	971.201668	5.172037E-4	1.138642E-2	250.060700	17565523.000000	17565553.000000	-30.000000
970.986000	971.192241	5.134225E-4	1.129618E-2	250.079400	17570021.000000	17570050.000000	-29.000000
970.975000	971.182425	5.142801E-4	1.130725E-2	250.097800	17574404.000000	17574469.000000	-65.000000
970.968000	971.172453	5.127919E-4	1.127108E-2	250.098700	17578915.000000	17578942.000000	-27.000000
970.957000	971.162558	5.150330E-4	1.131619E-2	250.068400	17583416.000000	17583445.000000	-29.000000
970.949000	971.152741	5.147446E-4	1.130873E-2	250.050900	17587913.000000	17587943.000000	-30.000000
970.939000	971.143002	5.191701E-4	1.140394E-2	250.039100	17592409.000000	17592440.000000	-31.000000
970.928000	971.133107	5.206079E-4	1.143611E-2	250.006300	17596902.000000	17596930.000000	-28.000000
970.919000	971.123212	5.187217E-4	1.139796E-2	249.966300	17601407.000000	17601434.000000	-27.000000
970.909000	971.113395	5.168554E-4	1.136026E-2	249.977200	17605916.000000	17605946.000000	-30.000000
970.901000	971.103655	5.141703E-4	1.130656E-2	249.957000	17610291.000000	17610372.000000	-81.000000
970.890000	971.093915	5.161541E-4	1.135549E-2	249.854500	17614699.000000	17614759.000000	-60.000000
970.883000	971.084019	5.151324E-4	1.133753E-2	249.822800	17619097.000000	17619168.000000	-71.000000
970.872000	971.074123	5.170351E-4	1.138409E-2	249.861500	17623599.000000	17623669.000000	-70.000000
970.864000	971.064305	5.173273E-4	1.139656E-2	249.909300	17628099.000000	17628165.000000	-66.000000
970.854000	971.054565	5.219749E-4	1.150415E-2	249.906300	17632597.000000	17632629.000000	-32.000000
970.845000	971.044669	5.208979E-4	1.148457E-2	249.923400	17637103.000000	17637132.000000	-29.000000
970.836000	971.034850	5.188923E-4	1.144513E-2	249.954400	17641611.000000	17641641.000000	-30.000000
970.825000	971.024953	5.159611E-4	1.138151E-2	249.981400	17646109.000000	17646138.000000	-29.000000
970.817000	971.015135	5.145501E-4	1.135035E-2	250.007900	17650608.000000	17650637.000000	-29.000000
970.808000	971.005160	5.155440E-4	1.137079E-2	250.013000	17655100.000000	17655127.000000	-27.000000
970.799000	970.995263	5.139749E-4	1.133352E-2	249.972100	17659602.000000	17659631.000000	-29.000000
970.788000	970.985443	5.158954E-4	1.137098E-2	249.980900	17663990.000000	17664054.000000	-64.000000
970.780000	970.975546	5.166106E-4	1.138034E-2	249.977200	17668503.000000	17668530.000000	-27.000000
970.770000	970.965571	5.203546E-4	1.145747E-2	249.960600	17672886.000000	17672958.000000	-72.000000
970.762000	970.955751	5.186079E-4	1.141142E-2	249.973000	17677397.000000	17677424.000000	-27.000000
970.750000	970.945931	5.166111E-4	1.136006E-2	250.001000	17681894.000000	17681924.000000	-30.000000
970.743000	970.936111	5.133456E-4	1.128146E-2	250.024100	17686392.000000	17686419.000000	-27.000000
970.733000	970.926135	5.130044E-4	1.126813E-2	250.025100	17690781.000000	17690848.000000	-67.000000
970.725000	970.916237	5.137905E-4	1.127863E-2	250.034200	17695295.000000	17695325.000000	-30.000000
970.715000	970.906338	5.133305E-4	1.126296E-2	250.036200	17699787.000000	17699817.000000	-30.000000
970.706000	970.896518	5.152475E-4	1.129824E-2	250.054300	17704289.000000	17704319.000000	-30.000000
970.697000	970.886775	5.165252E-4	1.132177E-2	250.054200	17708782.000000	17708813.000000	-31.000000
970.688000	970.876954	5.202838E-4	1.140028E-2	250.060800	17713282.000000	17713310.000000	-28.000000
970.679000	970.867133	5.188262E-4	1.136419E-2	250.079500	17717781.000000	17717809.000000	-28.000000
970.668000	970.857234	5.168478E-4	1.132123E-2	250.085400	17722292.000000	17722321.000000	-29.000000
970.660000	970.847412	5.134221E-4	1.124122E-2	250.094300	17726789.000000	17726819.000000	-30.000000
970.650000	970.837435	5.153582E-4	1.128063E-2	250.091000	17731291.000000	17731318.000000	-27.000000
970.642000	970.827535	5.150626E-4	1.127189E-2	250.075700	17735688.000000	17735717.000000	-29.000000
970.633000	970.817714	5.161488E-4	1.129323E-2	250.080000	17740186.000000	17740211.000000	-25.000000
970.624000	970.807892	5.163168E-4	1.129372E-2	250.074900	17744589.000000	17744618.000000	-29.000000
970.615000	970.797992	5.191491E-4	1.135208E-2	250.075400	17749085.000000	17749114.000000	-29.000000
970.607000	970.788014	5.206783E-4	1.138029E-2	250.087000	17753581.000000	17753609.000000	-28.000000
970.596000	970.778191	5.202912E-4	1.136471E-2	250.091100	17757957.000000	17758043.000000	-86.000000
970.588000	970.768369	5.178687E-4	1.130650E-2	250.078200	17762482.000000	17762509.000000	-27.000000
970.577000	970.758468	5.150453E-4	1.123776E-2	250.076400	17766979.000000	17767008.000000	-29.000000
970.569000	970.748567	5.170710E-4	1.460102E+1	250.086900	17771379.000000	17771408.000000	-29.000000
970.559000	970.738744	5.166163E-4	1.125463E-2	250.056400	17775880.000000	17775909.000000	-29.000000
970.551000	970.728843	5.187629E-4	1.129319E-2	250.009200	17780374.000000	17780404.000000	-30.000000
970.541000	970.718942	5.179073E-4	1.126465E-2	249.998200	17784872.000000	17784901.000000	-29.000000
970.532000	970.709041	5.220654E-4	1.134599E-2	249.988500	17789372.000000	17789402.000000	-30.000000
970.526000	970.699139	5.232008E-4	1.135977E-2	249.999900	17793873.000000	17793902.000000	-29.000000
970.519000	970.689394	5.226249E-4	1.133768E-2	249.933900	17798252.000000	17798335.000000	-83.000000
970.509000	970.679414	5.197144E-4	1.126559E-2	249.914400	17802772.000000	17802800.000000	-28.000000
970.499000	970.669434	5.177862E-4	1.121879E-2	249.927500	17807154.000000	17807222.000000	-68.000000
970.490000	970.659532	5.198461E-4	1.125802E-2	249.940900	17811664.000000	17811693.000000	-29.000000
970.481000	970.649630	5.186494E-4	1.122872E-2	249.957200	17816166.000000	17816196.000000	-30.000000
970.472000	970.639727	4.757828E-4	1.124833E-2	249.900000	17820562.000000	17820624.000000	-62.000000
970.464000	970.629825	5.196969E-4	1.124614E-2	249.900800	17825065.000000	17825093.000000	-28.000000
970.454000	970.620000	5.237865E-4	1.133300E-2	249.928300	17829560.000000	17829591.000000	-31.000000
970.444000	970.610097	5.233092E-4	1.132253E-2	249.953100	17834057.000000	17834085.000000	-28.000000
970.435000	970.600272	5.218543E-4	1.129080E-2	249.983600	17838441.000000	17838513.000000	-72.000000
970.424000	970.590369	5.180090E-4	1.120923E-2	249.991300	17842952.000000	17842980.000000	-28.000000
970.418000	970.580466	5.177464E-4	1.120582E-2	249.970300	17847450.000000	17847477.000000	-27.000000
970.403000	970.570562	5.184081E-4	1.122002E-2	249.961900	17851851.000000	17851879.000000	-28.000000
970.396000	970.560737	5.174324E-4	1.119955E-2	249.973800	17856354.000000	17856386.000000	-32.000000
970.388000	970.550755	5.164937E-4	1.117466E-2	249.990400	17860851.000000	17860882.000000	-31.000000
970.379000	970.540851	5.168229E-4	1.118047E-2	250.010400	17865349.000000	17865377.000000	-28.000000
970.368000	970.530947	5.217177E-4	1.128900E-2	250.023200	17869853.000000	17869883.000000	-30.000000
970.358000	970.521433	5.206585E-4	1.126490E-2	250.036500	17874359.000000	17874390.000000	-31.000000
970.349000	970.511451	5.189510E-4	1.122583E-2	250.046400	17878856.000000	17878886.000000	-30.000000
970.339000	970.501547	5.145823E-4	1.112615E-2	250.049900	17883354.000000	17883379.000000	-25.000000
970.330000	970.491720	5.158897E-4	1.114403E-2	250.050800	17887852.000000	17887881.000000	-29.000000
970.323000	970.481815	5.161715E-4	1.114306E-2	250.041600	17892352.000000	17892382.000000	-30.000000
970.314000	970.471832	5.173516E-4	1.116174E-2	250.046500	17896846.000000	17896872.000000	-26.000000
970.304000	970.462005	5.172683E-4	1.115066E-2	250.065200	17901345.000000	17901373.000000	-28.000000
970.294000	970.452100	5.196624E-4	1.119433E-2	250.086600	17905843.000000	17905871.000000	-28.000000
970.285000	970.442273	5.223465E-4	1.124356E-2	250.043300	17910340.000000	17910368.000000	-28.000000
970.276000	970.432445	5.216767E-4	1.122110E-2	250.001900	17914837.000000	17914865.000000	-28.000000
970.265000	970.422618	5.199655E-4	1.117446E-2	249.991300	17919352.000000	17919381.000000	-29.000000
970.258000	970.412712	5.167923E-4	1.109742E-2	250.004600	17923728.000000	17923806.000000	-78.000000
970.248000	970.402884	5.194676E-4	1.114838E-2	250.025400	17928242.000000	17928272.000000	-30.000000
970.240000	970.392978	5.191054E-4	1.113541E-2	250.036600	17932747.000000	17932774.000000	-27.000000
970.230000	970.383072	5.208375E-4	1.116588E-2	249.995600	17937242.000000	17937273.000000	-31.000000
970.222000	970.373244	5.198944E-4	1.114019E-2	249.984600	17941741.000000	17941770.000000	-29.000000
970.211000	970.363415	5.233185E-4	8.496671E-2	250.003800	17946239.000000	17946266.000000	-27.000000
970.202000	970.353587	5.242507E-4	1.122359E-2	250.012600	17950739.000000	17950769.000000	-30.000000
970.193000	970.343680	5.240199E-4	1.121291E-2	250.022700	17955124.000000	17955195.000000	-71.000000
970.184000	970.333851	5.213727E-4	1.115370E-2	250.026600	17959637.000000	17959668.000000	-31.000000
970.175000	970.323944	5.191616E-4	1.110132E-2	250.018400	17964134.000000	17964162.000000	-28.000000
970.166000	970.314193	5.207298E-4	1.112870E-2	250.012000	17968629.000000	17968657.000000	-28.000000
970.156000	970.304285	5.203325E-4	1.111548E-2	250.016700	17973129.000000	17973159.000000	-30.000000
970.148000	970.294378	5.212392E-4	1.112815E-2	250.025300	17977515.000000	17977592.000000	-77.000000
970.137000	970.284548	5.206462E-4	1.110705E-2	249.972800	17982026.000000	17982053.000000	-27.000000
970.120000	970.306938	5.233340E-4	1.115058E-2	250.059300	18233873.000000	18233900.000000	-27.000000
970.111000	970.297030	5.236876E-4	1.114815E-2	250.051000	18238372.000000	18238400.000000	-28.000000
970.101000	970.287122	5.191420E-4	1.103844E-2	250.037200	18242867.000000	18242897.000000	-30.000000
970.092000	970.277293	5.187890E-4	1.101799E-2	250.038800	18247364.000000	18247393.000000	-29.000000
970.083000	970.267307	5.190538E-4	1.100961E-2	250.031800	18251877.000000	18251908.000000	-31.000000
970.073000	970.257399	5.204007E-4	1.102439E-2	250.029000	18256369.000000	18256399.000000	-30.000000
970.064000	970.247491	5.208284E-4	1.101928E-2	250.014100	18260868.000000	18260895.000000	-27.000000
970.055000	970.237582	5.214782E-4	1.101909E-2	250.021700	18265368.000000	18265397.000000	-29.000000
970.046000	970.227674	5.249987E-4	1.107865E-2	250.023800	18269863.000000	18269891.000000	-28.000000
970.035000	970.217765	5.251506E-4	1.106808E-2	250.019400	18274256.000000	18274321.000000	-65.000000
970.026000	970.207934	5.253077E-4	1.105879E-2	249.987100	18278759.000000	18278789.000000	-30.000000
970.016000	970.198103	5.208947E-4	1.095654E-2	249.984900	18283258.000000	18283289.000000	-31.000000
970.008000	970.188194	5.215089E-4	1.095911E-2	249.968800	18287760.000000	18287785.000000	-25.000000
969.998000	970.178363	5.221536E-4	1.096186E-2	249.987200	18292267.000000	18292295.000000	-28.000000
969.991000	970.168688	5.236153E-4	1.098536E-2	249.992600	18296766.000000	18296796.000000	-30.000000
969.981000	970.158934	5.231222E-4	1.096669E-2	249.932600	18301260.000000	18301288.000000	-28.000000
969.971000	970.148947	5.241460E-4	1.098286E-2	249.869600	18305675.000000	18305725.000000	-50.000000
969.961000	970.138959	5.271126E-4	1.103900E-2	249.839500	18310158.000000	18310186.000000	-28.000000
969.951000	970.129127	5.262221E-4	1.101613E-2	249.858300	18314651.000000	18314677.000000	-26.000000
969.941000	970.119295	5.246090E-4	1.097855E-2	249.883400	18319150.000000	18319178.000000	-28.000000
969.931000	970.109463	5.210386E-4	1.089861E-2	249.902400	18323650.000000	18323678.000000	-28.000000
969.924000	970.099552	5.227334E-4	1.093014E-2	249.913900	18328158.000000	18328189.000000	-31.000000
969.915000	970.089642	5.223486E-4	1.091651E-2	249.930500	18332657.000000	18332686.000000	-29.000000
969.906000	970.079731	5.232954E-4	1.093182E-2	249.958500	18337153.000000	18337182.000000	-29.000000
969.896000	970.069898	5.227265E-4	1.091198E-2	249.979100	18341646.000000	18341678.000000	-32.000000
969.886000	970.059987	5.244712E-4	1.093961E-2	249.984000	18346044.000000	18346113.000000	-69.000000
969.876000	970.050154	5.272645E-4	1.099013E-2	249.995400	18350437.000000	18350516.000000	-79.000000
969.868000	970.040321	5.255616E-4	1.094623E-2	249.990700	18354950.000000	18354981.000000	-31.000000
969.858000	970.030643	5.233892E-4	1.088939E-2	249.996400	18359335.000000	18359416.000000	-81.000000
969.852000	970.020654	5.199384E-4	1.080864E-2	250.001600	18363845.000000	18363875.000000	-30.000000
969.843000	970.010742	5.212878E-4	1.082454E-2	250.004500	18368343.000000	18368373.000000	-30.000000
969.833000	970.000830	5.208872E-4	1.080375E-2	250.003000	18372836.000000	18372866.000000	-30.000000
969.823000	969.990996	5.222292E-4	1.081746E-2	250.017200	18377232.000000	18377307.000000	-75.000000
969.813000	969.981006	5.209809E-4	1.078016E-2	250.032000	18381738.000000	18381768.000000	-30.000000
969.805000	969.971094	5.241061E-4	1.083192E-2	250.031600	18386232.000000	18386259.000000	-27.000000
969.793000	969.961181	5.249351E-4	1.083494E-2	250.023700	18390742.000000	18390771.000000	-29.000000
969.785000	969.951347	5.242238E-4	1.080934E-2	250.018200	18395245.000000	18395276.000000	-31.000000
969.776000	969.941434	5.208342E-4	1.072750E-2	250.018500	18399738.000000	18399765.000000	-27.000000
969.767000	969.931521	5.189038E-4	1.067687E-2	250.027900	18404240.000000	18404270.000000	-30.000000
969.758000	969.921686	5.206620E-4	1.070020E-2	250.047800	18408732.000000	18408761.000000	-29.000000
969.748000	969.911773	5.202665E-4	1.068158E-2	250.052100	18413229.000000	18413258.000000	-29.000000
969.739000	969.901782	5.216096E-4	1.069768E-2	249.980900	18417731.000000	18417760.000000	-29.000000
969.728000	969.892024	5.202208E-4	1.065830E-2	249.988900	18422125.000000	18422195.000000	-70.000000
969.719000	969.882111	5.237974E-4	1.072167E-2	249.997700	18426528.000000	18426598.000000	-70.000000
969.712000	969.872197	5.235229E-4	1.070587E-2	250.009000	18431026.000000	18431055.000000	-29.000000
969.700000	969.862283	5.229747E-4	1.068498E-2	250.013800	18435524.000000	18435554.000000	-30.000000
969.691000	969.852369	5.194109E-4	1.059992E-2	250.037500	18440133.000000	18440162.000000	-29.000000
969.680000	969.842611	5.196477E-4	1.059060E-2	250.025400	18444630.000000	18444661.000000	-31.000000
969.671000	969.832774	5.211759E-4	1.060634E-2	250.024500	18449126.000000	18449154.000000	-28.000000
969.662000	969.822860	5.215921E-4	1.059949E-2	250.035100	18453620.000000	18453649.000000	-29.000000
969.652000	969.812867	5.231216E-4	1.061195E-2	250.053000	18458119.000000	18458149.000000	-30.000000
969.645000	969.802952	5.231113E-4	1.059459E-2	250.050600	18462633.000000	18462662.000000	-29.000000
969.634000	969.793037	5.272928E-4	1.065894E-2	250.037800	18467128.000000	18467159.000000	-31.000000
969.625000	969.783122	5.267759E-4	1.062798E-2	250.036100	18471624.000000	18471655.000000	-31.000000
969.615000	969.773207	5.261121E-4	1.059510E-2	250.040500	18476120.000000	18476149.000000	-29.000000
969.606000	969.763292	5.228378E-4	1.050812E-2	250.045500	18480615.000000	18480642.000000	-27.000000
969.596000	969.753376	5.241320E-4	1.051077E-2	250.034400	18485014.000000	18485088.000000	-74.000000
969.587000	969.743538	5.253119E-4	1.051130E-2	250.029000	18489515.000000	18489543.000000	-28.000000
969.578000	969.733545	5.251462E-4	1.048908E-2	250.021700	18494011.000000	18494043.000000	-32.000000
969.570000	969.723785	5.257658E-4	1.047933E-2	250.026900	18498510.000000	18498541.000000	-31.000000
969.560000	969.713791	5.263078E-4	1.047084E-2	250.030200	18503022.000000	18503052.000000	-30.000000
969.550000	969.703874	5.298054E-4	1.051928E-2	250.034500	18507419.000000	18507480.000000	-61.000000
969.541000	969.693958	5.274834E-4	1.045824E-2	250.019200	18511920.000000	18511948.000000	-28.000000
969.531000	969.684041	5.262412E-4	1.041742E-2	250.025500	18516415.000000	18516443.000000	-28.000000
969.521000	969.674203	5.228923E-4	1.033514E-2	250.029200	18520912.000000	18520942.000000	-30.000000
969.511000	969.664364	5.243662E-4	1.034935E-2	250.023700	18525408.000000	18525436.000000	-28.000000
969.505000	969.654369	5.243025E-4	1.033511E-2	249.996700	18529905.000000	18529934.000000	-29.000000
969.496000	969.644452	5.247437E-4	1.033213E-2	250.008500	18534306.000000	18534371.000000	-65.000000
969.486000	969.634534	5.244007E-4	1.031302E-2	249.990200	18538801.000000	18538831.000000	-30.000000
969.475000	969.624695	5.250917E-4	1.031503E-2	249.991000	18543205.000000	18543274.000000	-69.000000
969.467000	969.614699	5.273162E-4	1.034742E-2	249.989900	18547702.000000	18547732.000000	-30.000000
969.456000	969.604781	5.243132E-4	1.027925E-2	249.992100	18552197.000000	18552224.000000	-27.000000
969.446000	969.594942	5.223478E-4	1.022731E-2	249.995200	18556706.000000	18556738.000000	-32.000000
969.436000	969.585024	5.200771E-4	1.017213E-2	250.001100	18561208.000000	18561238.000000	-30.000000
969.430000	969.575027	5.221059E-4	1.019859E-2	250.001000	18565599.000000	18565665.000000	-66.000000
969.421000	969.565109	5.217063E-4	1.018087E-2	250.005900	18570103.000000	18570132.000000	-29.000000
969.410000	969.555191	5.231044E-4	1.019289E-2	250.018900	18574503.000000	18574532.000000	-29.000000
969.400000	969.545350	5.242787E-4	1.019954E-2	250.008300	18579003.000000	18579031.000000	-28.000000
969.391000	969.535353	5.256508E-4	1.021205E-2	250.004900	18583494.000000	18583523.000000	-29.000000
969.383000	969.525434	5.270888E-4	1.022364E-2	250.023600	18587888.000000	18587964.000000	-76.000000
969.371000	969.515515	5.241686E-4	1.014966E-2	249.980700	18592399.000000	18592425.000000	-26.000000
969.362000	969.505596	5.233226E-4	1.011497E-2	249.955200	18596895.000000	18596924.000000	-29.000000
969.354000	969.495598	5.220505E-4	1.006825E-2	249.961400	18601391.000000	18601417.000000	-26.000000
969.346000	969.485601	5.241785E-4	1.009364E-2	249.956800	18605887.000000	18605916.000000	-29.000000
969.335000	969.475681	5.233188E-4	1.005928E-2	249.975200	18610387.000000	18610417.000000	-30.000000
969.326000	969.465761	5.244754E-4	1.006552E-2	249.988200	18614895.000000	18614924.000000	-29.000000
969.316000	969.455763	5.251644E-4	1.006189E-2	249.982800	18619393.000000	18619420.000000	-27.000000
969.306000	969.445843	5.264322E-4	1.007132E-2	249.978200	18623890.000000	18623920.000000	-30.000000
969.296000	969.435923	5.269391E-4	1.006560E-2	249.997500	18628386.000000	18628414.000000	-28.000000
969.288000	969.425924	5.230732E-4	9.978629E-3	250.012000	18632881.000000	18632911.000000	-30.000000
969.279000	969.415926	5.232139E-4	1.630374E+0	250.015700	18637379.000000	18637407.000000	-28.000000
969.270000	969.406005	5.218611E-4	9.930032E-3	250.008200	18641781.000000	18641844.000000	-63.000000
969.260000	969.396084	5.241312E-4	9.961065E-3	250.012500	18646276.000000	18646308.000000	-32.000000
969.251000	969.386163	5.233605E-4	9.935228E-3	250.021600	18650781.000000	18650809.000000	-28.000000
969.242000	969.376164	5.247471E-4	9.948954E-3	250.017200	18655177.000000	18655245.000000	-68.000000
969.231000	969.366164	5.251815E-4	9.946696E-3	250.024600	18659581.000000	18659646.000000	-65.000000
969.221000	969.356243	5.263628E-4	9.956159E-3	250.030700	18664070.000000	18664101.000000	-31.000000
969.212000	969.346400	5.259105E-4	9.933716E-3	250.036000	18668583.000000	18668613.000000	-30.000000
969.203000	969.336478	5.220303E-4	9.848344E-3	250.039700	18673083.000000	18673110.000000	-27.000000
969.194000	969.326478	5.230013E-4	9.852509E-3	250.039300	18677577.000000	18677607.000000	-30.000000
969.182000	969.316556	5.222928E-4	6.078598E-1	250.040500	18682077.000000	18682105.000000	-28.000000
969.171000	969.306634	5.250089E-4	9.860596E-3	250.032900	18686572.000000	18686603.000000	-31.000000
969.162000	969.296868	5.245619E-4	9.837212E-3	250.036100	18690967.000000	18691033.000000	-66.000000
969.153000	969.286867	5.258121E-4	9.845596E-3	250.030600	18695472.000000	18695499.000000	-27.000000
969.145000	969.276944	5.273827E-4	9.858091E-3	250.019500	18699967.000000	18699995.000000	-28.000000
969.134000	969.267022	5.272501E-4	9.838065E-3	250.019900	18704364.000000	18704431.000000	-67.000000
969.124000	969.257099	5.262693E-4	9.804098E-3	250.015400	18708770.000000	18708838.000000	-68.000000
969.115000	969.247097	5.230120E-4	9.730115E-3	250.020800	18713263.000000	18713290.000000	-27.000000
969.105000	969.237174	5.246380E-4	9.746271E-3	250.038400	18717763.000000	18717791.000000	-28.000000
969.096000	969.227173	5.247958E-4	9.736056E-3	250.035800	18722271.000000	18722302.000000	-31.000000
969.085000	969.217249	5.264999E-4	9.757571E-3	250.028400	18726773.000000	18726802.000000	-29.000000
969.076000	969.207326	5.262241E-4	9.741691E-3	249.932600	18731270.000000	18731300.000000	-30.000000
969.067000	969.197324	5.270475E-4	1.245987E-1	249.919700	18735765.000000	18735796.000000	-31.000000
969.057000	969.187400	5.296132E-4	9.787979E-3	249.940400	18740262.000000	18740292.000000	-30.000000
969.047000	969.177476	5.267252E-4	9.729069E-3	249.962700	18744757.000000	18744783.000000	-26.000000
969.036000	969.167473	5.257324E-4	9.707033E-3	249.970200	18749254.000000	18749284.000000	-30.000000
969.027000	969.157549	5.245716E-4	9.682986E-3	249.994300	18753766.000000	18753795.000000	-29.000000
969.017000	969.147546	5.263601E-4	9.715997E-3	250.006100	18758263.000000	18758294.000000	-31.000000
969.007000	969.137621	5.279911E-4	9.745664E-3	249.985300	18762762.000000	18762793.000000	-31.000000
968.998000	969.127618	5.271511E-4	9.732204E-3	249.914900	18767257.000000	18767290.000000	-33.000000
968.988000	969.117615	5.296944E-4	9.780032E-3	249.920200	18771755.000000	18771785.000000	-30.000000
968.978000	969.107612	5.301009E-4	9.790004E-3	249.928800	18776251.000000	18776281.000000	-30.000000
968.967000	969.097687	5.295618E-4	9.783390E-3	249.946600	18780749.000000	18780779.000000	-30.000000
968.958000	969.087683	5.270339E-4	9.738878E-3	249.906100	18785255.000000	18785283.000000	-28.000000
968.948000	969.077758	5.253422E-4	9.710214E-3	249.897000	18789758.000000	18789786.000000	-28.000000
968.938000	969.067754	5.267843E-4	9.738221E-3	249.916300	18794252.000000	18794282.000000	-30.000000
968.927000	969.057828	5.261766E-4	9.730964E-3	249.955300	18798748.000000	18798778.000000	-30.000000
968.921000	969.047746	5.277983E-4	9.763396E-3	249.957200	18803247.000000	18803275.000000	-28.000000
968.910000	969.037741	5.268180E-4	9.747147E-3	249.978300	18807744.000000	18807773.000000	-29.000000
968.899000	969.027737	5.288260E-4	9.786618E-3	249.994200	18812242.000000	18812271.000000	-29.000000
968.889000	969.017810	5.287844E-4	9.788436E-3	250.008500	18816743.000000	18816774.000000	-31.000000
968.879000	969.007806	5.247458E-4	9.716226E-3	250.017500	18821250.000000	18821278.000000	-28.000000
968.870000	968.997801	5.243149E-4	9.710027E-3	250.005300	18825747.000000	18825775.000000	-28.000000
968.860000	968.987796	5.223549E-4	9.678989E-3	250.007600	18830244.000000	18830273.000000	-29.000000
968.852000	968.977869	5.247394E-4	9.727694E-3	250.018900	18834740.000000	18834770.000000	-30.000000
968.842000	968.967863	5.240914E-4	9.719998E-3	250.019400	18839239.000000	18839268.000000	-29.000000
968.834000	968.957936	5.252956E-4	9.755039E-3	249.968600	18843735.000000	18843761.000000	-26.000000
968.822000	968.947930	5.260405E-4	9.766082E-3	249.960900	18848237.000000	18848266.000000	-29.000000
968.811000	968.938081	5.256010E-4	9.765728E-3	249.985300	18852746.000000	18852776.000000	-30.000000
968.803000	968.928075	5.255836E-4	9.772785E-3	249.989100	18857241.000000	18857268.000000	-27.000000
968.793000	968.918069	5.229858E-4	9.731453E-3	249.996200	18861739.000000	18861767.000000	-28.000000
968.784000	968.908062	5.234402E-4	9.747520E-3	250.006900	18866235.000000	18866263.000000	-28.000000
968.775000	968.898134	5.233642E-4	9.755598E-3	250.013000	18870731.000000	18870760.000000	-29.000000
968.767000	968.888128	5.262755E-4	9.820683E-3	250.023800	18875227.000000	18875256.000000	-29.000000
968.755000	968.878121	5.261190E-4	9.828340E-3	250.025600	18879730.000000	18879760.000000	-30.000000
968.754000	968.878121	5.262787E-4	9.831307E-3	250.029600	18882240.000000	18882266.000000	-26.000000
968.744000	968.868192	5.272148E-4	9.860862E-3	250.031900	18886731.000000	18886759.000000	-28.000000
968.733000	968.858263	5.297725E-4	9.919123E-3	250.024200	18891233.000000	18891259.000000	-26.000000
968.724000	968.848256	5.286195E-4	9.906662E-3	250.043500	18895728.000000	18895757.000000	-29.000000
968.714000	968.838249	5.285289E-4	9.913979E-3	250.050000	18900222.000000	18900252.000000	-30.000000
968.705000	968.828320	5.253486E-4	9.863782E-3	250.048400	18904722.000000	18904752.000000	-30.000000
968.696000	968.818390	5.265816E-4	9.895458E-3	250.044100	18909232.000000	18909259.000000	-27.000000
968.687000	968.808382	5.271272E-4	9.914590E-3	250.051200	18913731.000000	18913761.000000	-30.000000
968.678000	968.798374	5.282490E-4	9.944196E-3	250.048100	18918226.000000	18918255.000000	-29.000000
968.667000	968.788366	5.283767E-4	9.955390E-3	250.049900	18922723.000000	18922752.000000	-29.000000
968.657000	968.778436	5.282113E-4	9.961601E-3	250.047900	18927223.000000	18927253.000000	-30.000000
968.647000	968.768428	5.304293E-4	1.001032E-2	250.051900	18931620.000000	18931685.000000	-65.000000
968.639000	968.758420	5.279238E-4	9.971830E-3	250.052700	18936116.000000	18936143.000000	-27.000000
968.628000	968.748411	5.268730E-4	9.960734E-3	250.050100	18940616.000000	18940645.000000	-29.000000
968.621000	968.738480	5.242839E-4	9.919897E-3	250.039500	18945113.000000	18945141.000000	-28.000000
968.612000	968.728471	5.258319E-4	9.960193E-3	250.042300	18949623.000000	18949651.000000	-28.000000
968.603000	968.718462	5.264426E-4	9.981703E-3	250.047900	18954120.000000	18954149.000000	-29.000000
968.591000	968.708453	5.262431E-4	9.994566E-3	250.023900	18958617.000000	18958648.000000	-31.000000
968.581000	968.698444	5.272566E-4	1.002789E-2	249.997000	18963118.000000	18963145.000000	-27.000000
968.572000	968.688434	5.267886E-4	1.003474E-2	250.011300	18967612.000000	18967641.000000	-29.000000
968.562000	968.678424	5.283552E-4	1.007916E-2	250.031400	18972107.000000	18972134.000000	-27.000000
968.552000	968.668415	5.250571E-4	1.003290E-2	250.029700	18976508.000000	18976589.000000	-81.000000
968.544000	968.658405	5.240443E-4	1.003297E-2	250.019000	18981009.000000	18981037.000000	-28.000000
968.535000	968.648394	5.236662E-4	1.004058E-2	250.020600	18985502.000000	18985532.000000	-30.000000
968.525000	968.638384	5.258390E-4	1.010098E-2	250.020700	18990013.000000	18990043.000000	-30.000000
968.514000	968.628374	5.276529E-4	1.015629E-2	250.045700	18994512.000000	18994544.000000	-32.000000
968.504000	968.618363	5.262624E-4	1.015005E-2	250.048200	18999007.000000	18999039.000000	-32.000000
968.495000	968.608352	5.284321E-4	1.020892E-2	250.052700	19003504.000000	19003533.000000	-29.000000
968.485000	968.598341	5.276927E-4	1.021170E-2	250.034800	19008005.000000	19008034.000000	-29.000000
968.474000	968.588330	5.276089E-4	1.022837E-2	249.956300	19012497.000000	19012525.000000	-28.000000
968.467000	968.578319	5.251036E-4	1.019365E-2	249.944200	19016996.000000	19017028.000000	-32.000000
968.457000	968.568230	5.239103E-4	1.018427E-2	249.960400	19021509.000000	19021537.000000	-28.000000
968.449000	968.558218	5.252198E-4	1.022171E-2	249.971500	19026005.000000	19026035.000000	-30.000000
968.437000	968.548207	5.258143E-4	1.024878E-2	249.973300	19030501.000000	19030532.000000	-31.000000
968.428000	968.538273	5.270307E-4	1.028621E-2	249.980200	19034996.000000	19035027.000000	-31.000000
968.418000	968.528261	5.254660E-4	1.026781E-2	249.991900	19039499.000000	19039528.000000	-29.000000
968.409000	968.518249	5.275149E-4	1.032106E-2	249.994900	19043991.000000	19044020.000000	-29.000000
968.398000	968.508237	5.269525E-4	1.032473E-2	249.994700	19048489.000000	19048519.000000	-30.000000
968.390000	968.498224	5.246395E-4	1.028824E-2	250.004000	19053005.000000	19053034.000000	-29.000000
968.378000	968.488212	5.232810E-4	1.027270E-2	250.007400	19057387.000000	19057463.000000	-76.000000
968.369000	968.478199	5.225907E-4	1.027378E-2	249.999500	19061900.000000	19061928.000000	-28.000000
968.358000	968.468108	5.258603E-4	1.035454E-2	249.990800	19066395.000000	19066425.000000	-30.000000
968.348000	968.458095	5.249920E-4	1.035465E-2	249.975800	19070893.000000	19070921.000000	-28.000000
968.338000	968.448082	5.256006E-4	1.038362E-2	249.987100	19075389.000000	19075419.000000	-30.000000
968.329000	968.438069	5.255833E-4	1.039985E-2	250.003200	19079886.000000	19079915.000000	-29.000000
968.319000	968.428055	5.261824E-4	1.043322E-2	250.020300	19084383.000000	19084412.000000	-29.000000
968.310000	968.418042	5.253043E-4	1.043261E-2	250.031600	19088786.000000	19088858.000000	-72.000000
968.301000	968.408028	5.212683E-4	1.037077E-2	250.040400	19093282.000000	19093310.000000	-28.000000
968.291000	968.398014	5.211964E-4	1.038441E-2	250.036400	19097779.000000	19097808.000000	-29.000000
968.281000	968.388000	5.203150E-4	1.038088E-2	250.030100	19102178.000000	19102256.000000	-78.000000
968.271000	968.377986	5.225140E-4	1.044027E-2	250.034700	19106683.000000	19106713.000000	-30.000000
968.261000	968.367893	5.232360E-4	1.047386E-2	250.040200	19111189.000000	19111217.000000	-28.000000
968.253000	968.357879	5.241517E-4	1.050992E-2	250.045000	19115686.000000	19115716.000000	-30.000000
968.241000	968.347864	5.259728E-4	1.056226E-2	250.019900	19120181.000000	19120211.000000	-30.000000
968.234000	968.337849	5.239486E-4	1.053419E-2	250.015500	19124679.000000	19124708.000000	-29.000000
968.224000	968.327834	5.229608E-4	1.052434E-2	250.021100	19129175.000000	19129204.000000	-29.000000
968.215000	968.317819	5.197484E-4	1.046616E-2	250.023900	19133584.000000	19133648.000000	-64.000000
968.204000	968.307804	5.222979E-4	1.052585E-2	250.018100	19138078.000000	19138144.000000	-66.000000
968.194000	968.297867	5.235418E-4	1.055923E-2	250.015300	19142570.000000	19142599.000000	-29.000000
968.185000	968.287851	5.242406E-4	1.057981E-2	250.012700	19147072.000000	19147103.000000	-31.000000
968.176000	968.277836	5.238917E-4	1.057933E-2	249.998200	19151574.000000	19151604.000000	-30.000000
968.165000	968.267820	5.241046E-4	1.058907E-2	250.008800	19155977.000000	19156042.000000	-65.000000
968.157000	968.257804	5.259888E-4	1.063428E-2	250.007900	19160381.000000	19160445.000000	-64.000000
968.148000	968.247788	5.234436E-4	1.059198E-2	250.017100	19164973.000000	19165002.000000	-29.000000
968.138000	968.237771	5.227510E-4	1.058477E-2	250.017500	19169471.000000	19169498.000000	-27.000000
968.128000	968.227755	5.218290E-4	1.057351E-2	249.992700	19173966.000000	19173995.000000	-29.000000
968.117000	968.217738	5.251594E-4	1.064906E-2	249.992500	19178370.000000	19178437.000000	-67.000000
968.108000	968.207722	5.268733E-4	1.069492E-2	249.997000	19182862.000000	19182893.000000	-31.000000
968.098000	968.197705	5.262429E-4	1.069291E-2	250.003400	19187272.000000	19187335.000000	-63.000000
968.087000	968.187688	5.281661E-4	1.074753E-2	250.014400	19191760.000000	19191790.000000	-30.000000
968.078000	968.177671	5.276736E-4	1.075257E-2	250.028900	19196260.000000	19196291.000000	-31.000000
968.069000	968.167653	5.281350E-4	1.077656E-2	250.034300	19200758.000000	19200786.000000	-28.000000
968.061000	968.157636	5.243626E-4	1.071209E-2	249.970100	19205267.000000	19205298.000000	-31.000000
968.051000	968.147618	5.235003E-4	1.070938E-2	249.948100	19209764.000000	19209791.000000	-27.000000
968.039000	968.137600	5.250570E-4	1.075307E-2	249.954900	19214260.000000	19214289.000000	-29.000000
968.020000	968.138227	5.268190E-4	1.081396E-2	249.978400	19296738.000000	19296766.000000	-28.000000
968.009000	968.128209	5.253691E-4	1.079715E-2	249.993900	19301248.000000	19301276.000000	-28.000000
968.001000	968.118191	5.275024E-4	1.085185E-2	250.008500	19305642.000000	19305707.000000	-65.000000
967.993000	968.108172	5.260553E-4	1.083366E-2	249.974900	19310143.000000	19310172.000000	-29.000000
967.984000	968.098154	5.253816E-4	1.083031E-2	249.937700	19314640.000000	19314667.000000	-27.000000
967.973000	968.088135	5.211777E-4	1.075374E-2	249.940500	19319139.000000	19319166.000000	-27.000000
967.964000	968.078195	5.209442E-4	1.075724E-2	249.962100	19323635.000000	19323665.000000	-30.000000
967.955000	968.068176	5.228122E-4	1.080249E-2	249.990800	19328033.000000	19328061.000000	-28.000000
967.946000	968.058157	5.236631E-4	1.082819E-2	250.018200	19332530.000000	19332557.000000	-27.000000
967.935000	968.048138	5.243449E-4	1.084938E-2	250.014500	19336933.000000	19337005.000000	-72.000000
967.925000	968.038119	5.224793E-4	1.081973E-2	250.006300	19341429.000000	19341458.000000	-29.000000
967.918000	968.028100	5.243833E-4	1.086729E-2	250.011600	19345830.000000	19345904.000000	-74.000000
967.908000	968.018080	5.227051E-4	1.084339E-2	250.028400	19350326.000000	19350355.000000	-29.000000
967.899000	968.008139	5.213482E-4	1.082667E-2	250.032800	19354820.000000	19354848.000000	-28.000000
967.889000	967.998119	5.189313E-4	1.078522E-2	250.041600	19359221.000000	19359248.000000	-27.000000
967.881000	967.988099	5.204458E-4	1.082711E-2	250.024600	19363623.000000	19363652.000000	-29.000000
967.870000	967.978157	5.228159E-4	1.088585E-2	250.025000	19368121.000000	19368152.000000	-31.000000
967.861000	967.968137	5.238281E-4	1.092087E-2	250.038100	19372615.000000	19372642.000000	-27.000000
967.851000	967.958116	5.246230E-4	1.094898E-2	250.037300	19377130.000000	19377161.000000	-31.000000
967.841000	967.948095	5.232174E-4	1.093371E-2	250.050900	19381630.000000	19381658.000000	-28.000000
967.833000	967.938075	5.255605E-4	1.099487E-2	250.054000	19386027.000000	19386099.000000	-72.000000
967.822000	967.927976	5.233399E-4	1.096426E-2	250.048200	19390527.000000	19390555.000000	-28.000000
967.814000	967.917954	5.213106E-4	1.093328E-2	250.054200	19395021.000000	19395052.000000	-31.000000
967.804000	967.907933	5.197822E-4	1.091150E-2	250.059300	19399428.000000	19399490.000000	-62.000000
967.796000	967.897912	5.219684E-4	1.096554E-2	250.059200	19403813.000000	19403899.000000	-86.000000
967.784000	967.887890	5.247460E-4	1.103310E-2	250.032500	19408320.000000	19408351.000000	-31.000000
967.776000	967.877869	5.235864E-4	1.101626E-2	250.049100	19412817.000000	19412848.000000	-31.000000
967.765000	967.867847	5.243486E-4	1.103621E-2	250.050700	19417211.000000	19417291.000000	-80.000000
967.757000	967.857825	5.237150E-4	1.102777E-2	250.059100	19421712.000000	19421740.000000	-28.000000
967.747000	967.847803	5.253273E-4	1.106759E-2	250.056600	19426210.000000	19426238.000000	-28.000000
967.736000	967.837781	5.218310E-4	1.099562E-2	250.055400	19430706.000000	19430734.000000	-28.000000
967.726000	967.827758	5.195542E-4	1.094972E-2	250.047400	19435208.000000	19435239.000000	-31.000000
967.717000	967.817736	5.207285E-4	1.097310E-2	250.040500	19439718.000000	19439750.000000	-32.000000
967.706000	967.807713	5.227379E-4	1.101564E-2	250.033200	19444209.000000	19444241.000000	-32.000000
967.697000	967.797768	5.247982E-4	1.105859E-2	250.024400	19448710.000000	19448738.000000	-28.000000
967.687000	967.787745	5.225559E-4	1.101036E-2	250.019900	19453114.000000	19453184.000000	-70.000000
967.677000	967.777722	5.241419E-4	1.104641E-2	250.015400	19457611.000000	19457641.000000	-30.000000
967.668000	967.767699	5.243855E-4	1.105380E-2	250.019200	19462007.000000	19462081.000000	-74.000000
967.659000	967.757676	5.231163E-4	1.103290E-2	250.028400	19466507.000000	19466534.000000	-27.000000
967.650000	967.747652	5.202552E-4	1.097564E-2	250.022300	19471002.000000	19471028.000000	-26.000000
967.640000	967.737628	5.194332E-4	1.096463E-2	250.025100	19475500.000000	19475529.000000	-29.000000
967.630000	967.727604	5.232581E-4	1.105159E-2	250.022200	19479999.000000	19480030.000000	-31.000000
967.620000	967.717580	5.234764E-4	1.106288E-2	250.020300	19484409.000000	19484478.000000	-69.000000
967.611000	967.707556	5.244619E-4	1.109341E-2	249.994900	19488895.000000	19488923.000000	-28.000000
967.602000	967.697610	5.227561E-4	1.106569E-2	250.007000	19493296.000000	19493377.000000	-81.000000
967.592000	967.687586	5.241615E-4	1.110814E-2	250.007300	19497793.000000	19497821.000000	-28.000000
967.583000	967.677639	5.242022E-4	1.111965E-2	250.013400	19502302.000000	19502331.000000	-29.000000
967.573000	967.667614	5.206549E-4	1.105527E-2	250.018100	19506799.000000	19506828.000000	-29.000000
967.565000	967.657590	5.194956E-4	1.103867E-2	250.017800	19511201.000000	19511231.000000	-30.000000
967.554000	967.647564	5.197868E-4	1.105416E-2	250.016200	19515592.000000	19515671.000000	-79.000000
967.545000	967.637539	5.233047E-4	1.113714E-2	250.009400	19520099.000000	19520127.000000	-28.000000
967.535000	967.627514	5.223974E-4	1.112489E-2	250.001400	19524595.000000	19524623.000000	-28.000000
967.526000	967.617488	5.228116E-4	1.113989E-2	249.998200	19529093.000000	19529121.000000	-28.000000
967.515000	967.607463	5.224110E-4	1.113521E-2	249.972000	19533591.000000	19533624.000000	-33.000000
967.507000	967.597437	5.231836E-4	1.115799E-2	249.949100	19538087.000000	19538113.000000	-26.000000
967.498000	967.587411	5.221047E-4	1.113931E-2	249.941800	19542489.000000	19542520.000000	-31.000000
967.489000	967.577463	5.185049E-4	1.106839E-2	249.955300	19546985.000000	19547013.000000	-28.000000
967.479000	967.567515	5.196852E-4	1.109709E-2	249.968500	19551482.000000	19551510.000000	-28.000000
967.469000	967.557489	5.202299E-4	1.111241E-2	249.978300	19555981.000000	19556010.000000	-29.000000
967.460000	967.547462	5.234827E-4	1.118610E-2	249.976000	19560489.000000	19560519.000000	-30.000000
967.447000	967.537435	5.219156E-4	1.115626E-2	249.984200	19564986.000000	19565013.000000	-27.000000
967.437000	967.527408	5.212289E-4	1.114701E-2	249.993000	19569482.000000	19569510.000000	-28.000000
967.428000	967.517460	5.220448E-4	1.116926E-2	249.981100	19573982.000000	19574012.000000	-30.000000
967.421000	967.507589	5.216146E-4	1.116722E-2	249.987900	19578477.000000	19578506.000000	-29.000000
967.412000	967.497562	5.194676E-4	1.112254E-2	249.984800	19582974.000000	19583003.000000	-29.000000
967.404000	967.487613	5.166969E-4	1.107056E-2	249.999200	19587373.000000	19587403.000000	-30.000000
967.395000	967.477585	5.174923E-4	1.109372E-2	250.002600	19591871.000000	19591897.000000	-26.000000
967.386000	967.467636	5.191164E-4	1.113675E-2	250.011000	19596271.000000	19596300.000000	-29.000000
967.376000	967.457608	5.219199E-4	1.120380E-2	250.016900	19600770.000000	19600799.000000	-29.000000
967.367000	967.447580	5.200803E-4	1.116952E-2	250.009100	19605181.000000	19605248.000000	-67.000000
967.357000	967.437551	5.203620E-4	1.118166E-2	250.015700	19609569.000000	19609653.000000	-84.000000
967.347000	967.427601	5.191903E-4	1.116316E-2	250.014300	19614062.000000	19614089.000000	-27.000000
967.340000	967.417573	5.207191E-4	1.120189E-2	250.013600	19618565.000000	19618594.000000	-29.000000
967.332000	967.407544	5.167087E-4	1.112221E-2	250.024200	19623076.000000	19623106.000000	-30.000000
967.323000	967.397594	5.156799E-4	1.110544E-2	250.020700	19627573.000000	19627600.000000	-27.000000
967.313000	967.387643	5.146930E-4	1.108912E-2	250.017700	19632071.000000	19632100.000000	-29.000000
967.304000	967.377614	5.170516E-4	1.114152E-2	250.031100	19636563.000000	19636592.000000	-29.000000
967.294000	967.367585	5.172302E-4	1.114372E-2	250.034500	19641061.000000	19641089.000000	-28.000000
967.284000	967.357634	5.170729E-4	1.115012E-2	250.028800	19645474.000000	19645540.000000	-66.000000
967.274000	967.347683	5.173713E-4	1.115936E-2	250.020300	19649962.000000	19649991.000000	-29.000000
967.265000	967.337653	5.177359E-4	1.116717E-2	250.010800	19654459.000000	19654487.000000	-28.000000
967.257000	967.327623	5.193846E-4	1.120165E-2	250.015100	19658960.000000	19658989.000000	-29.000000
967.249000	967.317593	5.152649E-4	1.111189E-2	250.003500	19663469.000000	19663499.000000	-30.000000
967.239000	967.307563	5.155195E-4	1.111292E-2	250.008100	19667965.000000	19667992.000000	-27.000000
967.230000	967.297532	5.158356E-4	1.111892E-2	250.008300	19673360.000000	19673390.000000	-30.000000
967.219000	967.287502	5.202695E-4	1.121536E-2	250.012500	19677854.000000	19677880.000000	-26.000000
967.211000	967.277550	5.211821E-4	1.123345E-2	250.012900	19682347.000000	19682378.000000	-31.000000
967.200000	967.267597	5.195922E-4	1.119801E-2	250.020600	19686862.000000	19686894.000000	-32.000000
967.191000	967.257566	5.201827E-4	1.120977E-2	250.017300	19691359.000000	19691385.000000	-26.000000
967.179000	967.247535	5.201871E-4	1.121085E-2	250.007900	19695854.000000	19695884.000000	-30.000000
967.172000	967.237504	5.205776E-4	1.121944E-2	250.016600	19700253.000000	19700333.000000	-80.000000
967.163000	967.227551	5.164129E-4	1.113582E-2	249.998100	19704753.000000	19704780.000000	-27.000000
967.154000	967.217520	5.173939E-4	1.116158E-2	250.006700	19709253.000000	19709281.000000	-28.000000
967.144000	967.207488	5.185168E-4	1.119105E-2	250.015500	19713747.000000	19713716.000000	31.000000
967.135000	967.197535	5.214992E-4	1.126213E-2	250.018100	19718146.000000	19718175.000000	-29.000000
967.124000	967.187581	5.205667E-4	1.124752E-2	250.017500	19722646.000000	19722675.000000	-29.000000
967.116000	967.177549	5.190747E-4	1.121695E-2	250.014600	19727043.000000	19727127.000000	-84.000000
967.106000	967.167595	5.197041E-4	1.123653E-2	250.010200	19731539.000000	19731568.000000	-29.000000
967.097000	967.157563	5.191567E-4	1.122886E-2	249.996400	19736038.000000	19736067.000000	-29.000000
967.087000	967.147609	5.175616E-4	1.119781E-2	250.006800	19740443.000000	19740473.000000	-30.000000
967.080000	967.137576	5.138591E-4	1.112213E-2	250.013400	19744942.000000	19744971.000000	-29.000000
967.070000	967.127543	5.156747E-4	1.116222E-2	250.007700	19749449.000000	19749479.000000	-30.000000
967.060000	967.117510	5.164962E-4	1.118282E-2	249.993800	19753946.000000	19753977.000000	-31.000000
967.051000	967.107477	5.189091E-4	1.123796E-2	249.997700	19758442.000000	19758472.000000	-30.000000
967.040000	967.097444	5.171667E-4	1.120048E-2	249.997000	19762936.000000	19762966.000000	-30.000000
967.032000	967.087410	5.154095E-4	1.116302E-2	250.002500	19767435.000000	19767464.000000	-29.000000
967.021000	967.077376	5.167049E-4	1.118958E-2	249.993500	19771931.000000	19771961.000000	-30.000000
967.013000	967.067421	5.151807E-4	1.115706E-2	249.985000	19776435.000000	19776464.000000	-29.000000
967.003000	967.057387	5.139282E-4	4.089045E-1	249.986700	19780941.000000	19780972.000000	-31.000000
966.995000	967.047353	5.114416E-4	1.107805E-2	249.983000	19785436.000000	19785466.000000	-30.000000
966.986000	967.037319	5.144828E-4	1.114646E-2	249.990600	19789936.000000	19789965.000000	-29.000000
966.976000	967.027363	5.154564E-4	1.117163E-2	249.969600	19794431.000000	19794460.000000	-29.000000
966.967000	967.017329	5.160117E-4	1.118804E-2	249.971100	19798929.000000	19798957.000000	-28.000000
966.956000	967.007294	5.138861E-4	1.114922E-2	249.997600	19803425.000000	19803456.000000	-31.000000
966.948000	966.997259	5.127074E-4	1.112963E-2	250.005400	19807930.000000	19807961.000000	-31.000000
966.937000	966.987303	5.140249E-4	1.116343E-2	249.992900	19812436.000000	19812466.000000	-30.000000
966.927000	966.977268	5.119461E-4	1.112562E-2	249.998100	19816838.000000	19816902.000000	-64.000000
966.917000	966.967232	5.105131E-4	1.110648E-2	249.999000	19821325.000000	19821356.000000	-31.000000
966.909000	966.957197	5.086842E-4	1.107639E-2	250.004500	19825829.000000	19825859.000000	-30.000000
966.899000	966.947240	5.122125E-4	1.116438E-2	250.015900	19830323.000000	19830352.000000	-29.000000
966.891000	966.937126	5.123878E-4	1.117727E-2	250.014500	19834818.000000	19834847.000000	-29.000000
966.880000	966.927090	5.124475E-4	1.118811E-2	250.009100	19839318.000000	19839347.000000	-29.000000
966.872000	966.917132	5.102880E-4	1.114828E-2	249.996500	19843815.000000	19843839.000000	-24.000000
966.860000	966.907175	5.105453E-4	1.116134E-2	250.009400	19848329.000000	19848358.000000	-29.000000
966.853000	966.897138	5.118328E-4	1.119294E-2	250.018100	19852824.000000	19852856.000000	-32.000000
966.842000	966.887102	5.082715E-4	1.111896E-2	250.021900	19857318.000000	19857347.000000	-29.000000
966.833000	966.877144	5.077770E-4	1.111041E-2	250.023200	19861820.000000	19861850.000000	-30.000000
966.823000	966.867185	5.073669E-4	1.110095E-2	250.011300	19866219.000000	19866288.000000	-69.000000
966.816000	966.857149	5.110855E-4	1.118456E-2	249.994800	19870716.000000	19870743.000000	-27.000000
966.807000	966.847111	5.102024E-4	1.116267E-2	250.002700	19875211.000000	19875240.000000	-29.000000
966.796000	966.837153	5.093146E-4	1.114196E-2	250.004300	19879706.000000	19879737.000000	-31.000000
966.787000	966.827115	5.081498E-4	1.110973E-2	250.000700	19884210.000000	19884240.000000	-30.000000
966.777000	966.817078	5.090656E-4	1.112492E-2	249.996300	19888718.000000	19888750.000000	-32.000000
966.776000	966.807040	5.090062E-4	1.111696E-2	250.004700	19893710.000000	19893741.000000	-31.000000
966.758000	966.797081	8.004045E-1	1.103708E-2	250.007500	19898127.000000	19898194.000000	-67.000000
966.749000	966.787121	5.068920E-4	1.106095E-2	249.994800	19902815.000000	19902843.000000	-28.000000
966.739000	966.777083	5.074962E-4	1.107039E-2	249.988400	19907214.000000	19907279.000000	-65.000000
966.730000	966.767045	5.103093E-4	1.112803E-2	249.997500	19911710.000000	19911778.000000	-68.000000
966.721000	966.757007	5.086612E-4	1.109236E-2	249.992100	19916212.000000	19916238.000000	-26.000000
966.711000	966.747047	5.059173E-4	1.103121E-2	250.002600	19920614.000000	19920639.000000	-25.000000
966.701000	966.737008	5.067392E-4	1.104509E-2	250.012000	19925110.000000	19925138.000000	-28.000000
966.689000	966.726969	5.067421E-4	1.104976E-2	250.000800	19929601.000000	19929629.000000	-28.000000
966.679000	966.716930	5.068251E-4	1.105226E-2	250.000300	19934014.000000	19934079.000000	-65.000000
966.668000	966.706970	5.053525E-4	1.102489E-2	249.996600	19938505.000000	19938533.000000	-28.000000
966.659000	966.697009	5.072101E-4	1.107008E-2	249.993100	19943000.000000	19943029.000000	-29.000000
966.647000	966.687126	5.097459E-4	1.112978E-2	250.003400	19947494.000000	19947522.000000	-28.000000
966.640000	966.677244	5.083999E-4	1.110264E-2	250.016400	19951907.000000	19951972.000000	-65.000000
966.629000	966.667282	5.079175E-4	1.109841E-2	250.013800	19956396.000000	19956428.000000	-32.000000
966.619000	966.657321	5.081216E-4	1.110437E-2	250.006800	19960888.000000	19960916.000000	-28.000000
966.610000	966.647359	5.095411E-4	1.113776E-2	250.005100	19965401.000000	19965434.000000	-33.000000
966.598000	966.637398	5.086048E-4	1.111623E-2	249.996700	19969899.000000	19969929.000000	-30.000000
966.589000	966.627436	5.069888E-4	1.108122E-2	250.006700	19974299.000000	19974326.000000	-27.000000
966.568000	966.607512	5.101991E-4	1.114894E-2	250.012700	19983103.000000	19983171.000000	-68.000000
966.558000	966.597628	5.104142E-4	1.115483E-2	250.015400	19987586.000000	19987615.000000	-29.000000
966.549000	966.587665	5.086610E-4	1.111813E-2	250.021200	19991982.000000	19992012.000000	-30.000000
966.539000	966.577703	5.080881E-4	1.110387E-2	250.012500	19996493.000000	19996521.000000	-28.000000
966.529000	966.567740	5.097249E-4	1.113990E-2	250.008900	20000993.000000	20001021.000000	-28.000000
966.519000	966.557855	5.066243E-4	1.107365E-2	250.009700	20005489.000000	20005517.000000	-28.000000
966.508000	966.547971	5.056127E-4	1.105086E-2	250.014100	20009985.000000	20010011.000000	-26.000000
966.498000	966.538165	5.068242E-4	1.108180E-2	250.010000	20014486.000000	20014515.000000	-29.000000
966.488000	966.528201	5.073898E-4	1.109916E-2	250.013900	20018979.000000	20019009.000000	-30.000000
966.478000	966.518316	5.066106E-4	1.108700E-2	250.008200	20023474.000000	20023501.000000	-27.000000
966.467000	966.508431	4.993029E-4	1.092661E-2	250.017300	20027976.000000	20028006.000000	-30.000000
966.455000	966.498546	5.023759E-4	1.100615E-2	250.006600	20032485.000000	20032513.000000	-28.000000
966.447000	966.488582	5.043924E-4	1.106173E-2	250.011000	20036985.000000	20037016.000000	-31.000000
966.436000	966.478618	5.016826E-4	4.088099E-1	249.988900	20041479.000000	20041509.000000	-30.000000
966.427000	966.468732	5.019991E-4	1.102766E-2	249.994900	20045971.000000	20046001.000000	-30.000000
966.415000	966.458846	5.021276E-4	1.103957E-2	249.994100	20050474.000000	20050504.000000	-30.000000
966.406000	966.448882	5.048005E-4	1.110329E-2	249.999400	20054884.000000	20054948.000000	-64.000000
966.396000	966.438995	5.042929E-4	1.110277E-2	250.000600	20059369.000000	20059399.000000	-30.000000
966.385000	966.429109	5.011739E-4	1.103693E-2	249.999900	20063782.000000	20063844.000000	-62.000000
966.376000	966.419144	5.027287E-4	1.107900E-2	250.000100	20068271.000000	20068300.000000	-29.000000
966.366000	966.409258	5.026272E-4	1.107764E-2	250.012500	20072669.000000	20072700.000000	-31.000000
966.357000	966.399449	5.023215E-4	1.107124E-2	250.008900	20077164.000000	20077192.000000	-28.000000
966.347000	966.389484	5.017313E-4	1.105310E-2	250.015500	20081583.000000	20081646.000000	-63.000000
966.336000	966.379597	5.026799E-4	1.107071E-2	250.024900	20086062.000000	20086092.000000	-30.000000
966.326000	966.369631	5.054184E-4	1.112523E-2	250.021800	20090466.000000	20090496.000000	-30.000000
966.315000	966.359744	5.039835E-4	1.109188E-2	250.019800	20094960.000000	20094988.000000	-28.000000
966.306000	966.349778	5.029457E-4	1.106766E-2	250.017500	20099470.000000	20099498.000000	-28.000000
966.294000	966.339969	5.039237E-4	1.108404E-2	250.018300	20103973.000000	20104003.000000	-30.000000
966.286000	966.330002	5.034653E-4	1.107065E-2	249.997200	20108370.000000	20108400.000000	-30.000000
966.266000	966.320428	5.013062E-4	1.099016E-2	250.012900	21125441.000000	21125471.000000	-30.000000
966.256000	966.310540	5.042122E-4	1.104942E-2	250.009000	21129937.000000	21129967.000000	-30.000000
966.246000	966.300574	5.070327E-4	1.110967E-2	250.004100	21134446.000000	21134477.000000	-31.000000
966.234000	966.290607	5.062260E-4	1.109375E-2	249.996400	21138946.000000	21138975.000000	-29.000000
966.223000	966.280640	5.056758E-4	1.108406E-2	249.997700	21143345.000000	21143375.000000	-30.000000
966.213000	966.270751	8.108432E-2	1.108020E-2	250.006900	21147736.000000	21147764.000000	-28.000000
966.203000	966.260862	5.060717E-4	1.109921E-2	250.007000	21152246.000000	21152276.000000	-30.000000
966.193000	966.250895	-7.995956E-1	1.109393E-2	250.002800	21156631.000000	21156660.000000	-29.000000
966.183000	966.240927	5.044085E-4	1.107535E-2	249.982700	21161137.000000	21161166.000000	-29.000000
966.173000	966.231038	5.073351E-4	1.114342E-2	249.986300	21165529.000000	21165559.000000	-30.000000
966.164000	966.221070	5.079267E-4	1.116093E-2	250.000900	21170030.000000	21170058.000000	-28.000000
966.153000	966.211181	5.077744E-4	1.116470E-2	249.995700	21174430.000000	21174460.000000	-30.000000
966.143000	966.201291	5.055526E-4	1.111900E-2	250.003200	21178828.000000	21178857.000000	-29.000000
966.132000	966.191401	5.049143E-4	1.110883E-2	250.004000	21183229.000000	21183258.000000	-29.000000
966.123000	966.181511	5.057359E-4	1.112465E-2	250.002700	21187639.000000	21187727.000000	-88.000000
966.113000	966.171621	5.036842E-4	1.107982E-2	250.008900	21192128.000000	21192153.000000	-25.000000
966.102000	966.161731	5.038048E-4	1.107903E-2	250.002600	21196530.000000	21196557.000000	-27.000000
966.092000	966.151841	5.055527E-4	1.111315E-2	250.009400	21200931.000000	21200955.000000	-24.000000
966.082000	966.141950	5.062744E-4	1.112598E-2	250.010300	21205330.000000	21205360.000000	-30.000000
966.062000	966.125230	8.860967E-3	1.100848E-2	250.011800	21261306.000000	21261337.000000	-31.000000
966.052000	966.115418	5.024384E-4	1.103386E-2	250.013200	21265706.000000	21265737.000000	-31.000000
966.042000	966.105527	5.031687E-4	1.104886E-2	250.018600	21270108.000000	21270137.000000	-29.000000
966.030000	966.095557	5.013167E-4	1.100916E-2	250.015700	21274509.000000	21274537.000000	-28.000000
966.020000	966.085744	5.025091E-4	1.103291E-2	250.010700	21278831.000000	21278898.000000	-67.000000
966.008000	966.075852	5.028842E-4	1.104331E-2	250.007800	21283229.000000	21283299.000000	-70.000000
965.998000	966.065961	5.045712E-4	1.108431E-2	250.019800	21287622.000000	21287692.000000	-70.000000
965.990000	966.056069	5.045548E-4	1.109298E-2	250.014000	21292100.000000	21292128.000000	-28.000000
965.979000	966.046177	5.013122E-4	1.103000E-2	250.021900	21296501.000000	21296528.000000	-27.000000
965.970000	966.036285	5.028679E-4	1.106907E-2	250.027200	21300811.000000	21300897.000000	-86.000000
965.958000	966.026471	5.019971E-4	1.106375E-2	250.023500	21305307.000000	21305334.000000	-27.000000
965.949000	966.016500	5.014035E-4	1.105838E-2	250.012000	21309707.000000	21309738.000000	-31.000000
965.938000	966.006608	5.019479E-4	1.107803E-2	250.004300	21314110.000000	21314137.000000	-27.000000
965.928000	965.996715	5.018730E-4	1.108158E-2	250.008200	21318509.000000	21318539.000000	-30.000000
965.917000	965.986822	5.039816E-4	1.113429E-2	250.011000	21322894.000000	21322922.000000	-28.000000
965.907000	965.976851	5.024436E-4	1.110370E-2	250.007000	21327297.000000	21327325.000000	-28.000000
965.898000	965.966958	4.998156E-4	1.105004E-2	249.997100	21331698.000000	21331724.000000	-26.000000
965.888000	965.957065	5.013599E-4	1.108567E-2	250.000200	21336096.000000	21336126.000000	-30.000000
965.879000	965.947171	4.994158E-4	1.104039E-2	249.999200	21340517.000000	21340581.000000	-64.000000
965.868000	965.937278	4.992907E-4	1.103602E-2	250.004900	21344917.000000	21344986.000000	-69.000000
965.858000	965.927384	4.984586E-4	1.101395E-2	249.997900	21349399.000000	21349424.000000	-25.000000
965.830000	965.912386	5.176212E-4	9.426100E-3	249.989000	21444888.000000	21444963.000000	-75.000000
965.820000	965.902492	5.174795E-4	1.141967E-2	249.990700	21449374.000000	21449404.000000	-30.000000
965.810000	965.892519	5.138687E-4	1.133907E-2	249.989600	21453776.000000	21453805.000000	-29.000000
965.800000	965.882625	5.124850E-4	1.130758E-2	249.991500	21458172.000000	21458201.000000	-29.000000
965.791000	965.872731	5.116464E-4	1.128716E-2	250.001800	21462563.000000	21462591.000000	-28.000000
965.779000	965.862993	5.117932E-4	1.128849E-2	250.000100	21466989.000000	21467054.000000	-65.000000
965.770000	965.853098	5.149961E-4	1.135890E-2	250.011300	21471392.000000	21471458.000000	-66.000000
965.759000	965.843282	5.168507E-4	1.139995E-2	250.012200	21475864.000000	21475892.000000	-28.000000
965.749000	965.833387	5.196945E-4	1.146376E-2	249.998200	21480264.000000	21480294.000000	-30.000000
965.739000	965.823492	5.178979E-4	1.142672E-2	249.998200	21484666.000000	21484695.000000	-29.000000
965.729000	965.813596	5.151876E-4	1.137089E-2	250.000000	21489065.000000	21489095.000000	-30.000000
965.719000	965.803701	5.139097E-4	9.345086E-3	250.005900	21493378.000000	21493452.000000	-74.000000
965.708000	965.793805	5.127868E-4	1.132378E-2	249.991800	21497866.000000	21497896.000000	-30.000000
965.688000	965.777626	5.162589E-4	1.140253E-2	250.009600	21556753.000000	21556782.000000	-29.000000
965.678000	965.767730	5.187588E-4	1.145590E-2	250.018500	21561152.000000	21561180.000000	-28.000000
965.668000	965.757913	5.211482E-4	1.150672E-2	250.022300	21565537.000000	21565566.000000	-29.000000
965.658000	965.748095	5.182098E-4	1.144002E-2	250.021400	21569937.000000	21569966.000000	-29.000000
965.649000	965.738120	5.161722E-4	1.139383E-2	250.032700	21574341.000000	21574372.000000	-31.000000
965.638000	965.728223	5.138528E-4	1.134077E-2	250.048600	21578744.000000	21578773.000000	-29.000000
965.628000	965.718405	5.134773E-4	1.132952E-2	250.049400	21583147.000000	21583174.000000	-27.000000
965.605000	965.698611	5.156809E-4	-3.909061E-1	250.045900	21591942.000000	21591970.000000	-28.000000
965.596000	965.688714	5.190822E-4	1.143686E-2	250.045600	21596331.000000	21596363.000000	-32.000000
965.587000	965.678817	5.193234E-4	1.143786E-2	250.043800	21600651.000000	21600737.000000	-86.000000
965.578000	965.668998	5.169312E-4	1.138403E-2	250.038200	21605134.000000	21605164.000000	-30.000000
965.567000	965.659100	5.144824E-4	1.133088E-2	250.033600	21609537.000000	21609564.000000	-27.000000
965.559000	965.649124	5.108931E-4	1.125551E-2	250.032800	21613941.000000	21613969.000000	-28.000000
965.548000	965.639226	5.118053E-4	1.128027E-2	250.028500	21618340.000000	21618371.000000	-31.000000
965.538000	965.629406	5.109278E-4	1.126585E-2	250.016100	21622657.000000	21622725.000000	-68.000000
965.527000	965.619508	5.124623E-4	1.130557E-2	250.017700	21627128.000000	21627158.000000	-30.000000
965.517000	965.609531	5.152096E-4	1.136855E-2	250.028000	21631451.000000	21631523.000000	-72.000000








