972.232000	972.458196	5.121476E-4	1.144050E-2	300.032400	28267688.000000	28267716.000000	-28.000000
972.226000	972.448320	5.128704E-4	1.145625E-2	300.031800	28272185.000000	28272214.000000	-29.000000
972.218000	972.438367	5.103120E-4	1.139824E-2	300.030300	28276685.000000	28276715.000000	-30.000000
972.207000	972.428491	5.092777E-4	1.137080E-2	300.030900	28281181.000000	28281213.000000	-32.000000
972.196000	972.418538	5.052417E-4	1.127829E-2	300.031000	28285681.000000	28285712.000000	-31.000000
972.187000	972.408662	5.047874E-4	1.126467E-2	300.024300	28290176.000000	28290205.000000	-29.000000
972.177000	972.398708	5.073529E-4	1.131807E-2	300.024700	28294557.000000	28294616.000000	-59.000000
972.169000	972.388831	5.117398E-4	1.141123E-2	300.026400	28299076.000000	28299106.000000	-30.000000
972.160000	972.378877	5.142707E-4	1.146141E-2	300.024600	28303574.000000	28303605.000000	-31.000000
972.151000	972.368923	5.138272E-4	1.144728E-2	300.026300	28308069.000000	28308100.000000	-31.000000
972.151000	972.358968	4.957373E-4	1.104579E-2	300.027400	28312570.000000	28312598.000000	-28.000000
972.141000	972.349169	4.949755E-4	1.102344E-2	300.022000	28317068.000000	28317097.000000	-29.000000
972.131000	972.339214	4.919186E-4	1.095193E-2	300.023400	28321562.000000	28321591.000000	-29.000000
972.120000	972.329337	4.904001E-4	1.091077E-2	300.024300	28326076.000000	28326103.000000	-27.000000
972.111000	972.319460	4.877496E-4	1.085094E-2	300.019400	28330573.000000	28330604.000000	-31.000000
972.102000	972.309738	4.906047E-4	1.091176E-2	300.025600	28334941.000000	28335026.000000	-85.000000
972.093000	972.299860	4.942416E-4	1.099186E-2	300.020400	28339474.000000	28339504.000000	-30.000000
972.085000	972.289904	4.993306E-4	1.110476E-2	300.020300	28343972.000000	28343998.000000	-26.000000
972.075000	972.279949	5.012469E-4	1.114787E-2	300.021100	28348468.000000	28348496.000000	-28.000000
972.065000	972.269993	5.001795E-4	1.112428E-2	300.017700	28352963.000000	28352992.000000	-29.000000
972.055000	972.260192	4.994749E-4	1.110753E-2	300.018300	28357349.000000	28357410.000000	-61.000000
972.044000	972.250314	4.962845E-4	1.103652E-2	300.019600	28361863.000000	28361891.000000	-28.000000
972.036000	972.240358	4.964108E-4	1.103834E-2	300.019800	28366362.000000	28366392.000000	-30.000000
972.027000	972.230401	4.941498E-4	1.098688E-2	300.018700	28370862.000000	28370891.000000	-29.000000
972.017000	972.220522	4.981855E-4	1.107491E-2	300.019800	28375357.000000	28375320.000000	37.000000
972.009000	972.210566	5.009385E-4	1.113443E-2	300.017000	28379759.000000	28379789.000000	-30.000000
971.999000	972.200764	5.060596E-4	1.124614E-2	300.014400	28384254.000000	28384284.000000	-30.000000
971.989000	972.190885	5.067301E-4	1.125904E-2	300.017400	28388751.000000	28388779.000000	-28.000000
971.980000	972.181083	5.039452E-4	1.119301E-2	300.015400	28393253.000000	28393280.000000	-27.000000
971.970000	972.171126	5.032580E-4	1.117314E-2	300.014400	28397745.000000	28397775.000000	-30.000000
971.960000	972.161168	5.002763E-4	1.110146E-2	300.011800	28402246.000000	28402277.000000	-31.000000
971.949000	972.151289	4.997629E-4	1.108357E-2	300.016900	28406749.000000	28406778.000000	-29.000000
971.940000	972.141409	4.986664E-4	1.105331E-2	300.015100	28411257.000000	28411286.000000	-29.000000
971.931000	972.131451	5.028132E-4	1.113951E-2	300.016500	28415753.000000	28415782.000000	-29.000000
971.922000	972.121570	5.062663E-4	1.120987E-2	300.012000	28420251.000000	28420279.000000	-28.000000
971.912000	972.111768	5.090730E-4	1.126687E-2	300.015600	28424620.000000	28424704.000000	-84.000000
971.903000	972.101887	5.080317E-4	1.124399E-2	300.016500	28429147.000000	28429177.000000	-30.000000
971.894000	972.091928	5.042357E-4	1.115770E-2	300.014000	28433647.000000	28433676.000000	-29.000000
971.882000	972.082048	5.031644E-4	1.113271E-2	300.015300	28438148.000000	28438176.000000	-28.000000
971.874000	972.072089	4.998264E-4	1.105952E-2	300.011500	28442646.000000	28442674.000000	-28.000000
971.863000	972.062207	4.997206E-4	1.105870E-2	300.008900	28447141.000000	28447170.000000	-29.000000
971.853000	972.052404	5.005956E-4	1.108218E-2	300.014000	28451638.000000	28451668.000000	-30.000000
971.846000	972.042445	5.046925E-4	1.117821E-2	300.012700	28456136.000000	28456166.000000	-30.000000
971.838000	972.032485	5.073129E-4	1.123988E-2	300.010600	28460633.000000	28460661.000000	-28.000000
971.827000	972.022603	5.091332E-4	1.129056E-2	300.008100	28465138.000000	28465168.000000	-30.000000
971.815000	972.012721	5.079609E-4	1.127120E-2	300.011500	28469642.000000	28469673.000000	-31.000000
971.806000	972.002917	5.046116E-4	1.120345E-2	300.012600	28474141.000000	28474171.000000	-30.000000
971.795000	971.993035	5.047122E-4	1.121072E-2	300.008700	28478635.000000	28478665.000000	-30.000000
971.787000	971.983075	5.018775E-4	1.115171E-2	300.009700	28483138.000000	28483167.000000	-29.000000
971.776000	971.973192	5.029572E-4	1.117803E-2	300.015600	28487633.000000	28487665.000000	-32.000000
971.769000	971.963232	5.037490E-4	1.119415E-2	300.011300	28492135.000000	28492164.000000	-29.000000
971.758000	971.953349	5.083299E-4	1.129751E-2	300.010500	28496630.000000	28496658.000000	-28.000000
971.749000	971.943466	5.129829E-4	1.140653E-2	300.011200	28501012.000000	28501078.000000	-66.000000
971.739000	971.933583	5.111258E-4	1.136597E-2	300.004300	28505528.000000	28505556.000000	-28.000000
971.729000	971.923544	5.110285E-4	1.136148E-2	300.007300	28510029.000000	28510060.000000	-31.000000
971.718000	971.913661	5.074343E-4	1.127745E-2	300.009900	28514521.000000	28514550.000000	-29.000000
971.709000	971.903855	5.073668E-4	1.127143E-2	300.009200	28519020.000000	28519049.000000	-29.000000
971.700000	971.894049	5.053053E-4	1.121843E-2	300.009300	28523421.000000	28523451.000000	-30.000000
971.691000	971.884087	5.070052E-4	1.125048E-2	300.011500	28527801.000000	28527877.000000	-76.000000
971.682000	971.874281	5.098563E-4	1.130747E-2	300.011500	28532321.000000	28532350.000000	-29.000000
971.661000	971.877783	5.145433E-4	1.138714E-2	300.005400	28633897.000000	28633928.000000	-31.000000
971.651000	971.868055	5.110146E-4	1.130449E-2	300.009000	28638289.000000	28638357.000000	-68.000000
971.642000	971.858171	5.104716E-4	1.128954E-2	300.009900	28642795.000000	28642823.000000	-28.000000
971.634000	971.848286	5.071355E-4	1.121163E-2	300.007600	28647193.000000	28647220.000000	-27.000000
971.623000	971.838480	5.070197E-4	1.120554E-2	300.007200	28651580.000000	28651648.000000	-68.000000
971.616000	971.828828	5.064374E-4	1.119058E-2	300.006200	28655986.000000	28656052.000000	-66.000000
971.606000	971.818944	5.091920E-4	1.125032E-2	300.007900	28660496.000000	28660526.000000	-30.000000
971.599000	971.809059	5.122469E-4	1.131687E-2	300.005500	28664898.000000	28664925.000000	-27.000000
971.586000	971.799251	5.155098E-4	7.111157E-2	300.002500	28669299.000000	28669330.000000	-31.000000
971.578000	971.789444	5.167284E-4	1.141776E-2	300.003800	28673795.000000	28673823.000000	-28.000000
971.569000	971.779559	5.139544E-4	1.135666E-2	300.006500	28678201.000000	28678230.000000	-29.000000
971.559000	971.769751	5.131781E-4	1.133885E-2	300.007100	28682695.000000	28682724.000000	-29.000000
971.549000	971.759865	5.106724E-4	1.128169E-2	300.004000	28687093.000000	28687123.000000	-30.000000
971.540000	971.750135	5.120459E-4	1.131002E-2	300.006800	28691594.000000	28691623.000000	-29.000000
971.533000	971.740327	2.189228E-3	1.129630E-2	300.005200	28695981.000000	28696011.000000	-30.000000
971.523000	971.730519	5.151927E-4	1.137345E-2	300.006700	28700494.000000	28700522.000000	-28.000000
971.514000	971.720710	5.172469E-4	1.141387E-2	300.004800	28704990.000000	28705019.000000	-29.000000
971.503000	971.710901	5.209542E-4	1.149177E-2	300.007000	28709489.000000	28709522.000000	-33.000000
971.494000	971.701171	5.205157E-4	1.147632E-2	300.003000	28713987.000000	28714017.000000	-30.000000
971.482000	971.691517	5.169003E-4	1.139195E-2	300.006600	28718485.000000	28718515.000000	-30.000000
971.476000	971.681864	5.164733E-4	1.137714E-2	300.006900	28722982.000000	28723010.000000	-28.000000
971.465000	971.672055	5.142237E-4	1.132237E-2	300.005200	28727365.000000	28727425.000000	-60.000000
971.456000	971.662401	5.155236E-4	1.134438E-2	300.008900	28731764.000000	28731830.000000	-66.000000
971.447000	971.652514	5.144891E-4	1.131773E-2	300.003700	28736283.000000	28736311.000000	-28.000000
971.438000	971.642704	5.183393E-4	1.139883E-2	300.009300	28740683.000000	28740713.000000	-30.000000
971.426000	971.633128	5.215364E-4	1.146722E-2	300.002400	28745183.000000	28745212.000000	-29.000000
971.416000	971.623396	5.214877E-4	1.146701E-2	300.004000	28749679.000000	28749709.000000	-30.000000
971.407000	971.613508	5.206776E-4	1.145033E-2	300.000100	28754174.000000	28754203.000000	-29.000000
971.395000	971.603698	5.162486E-4	1.135628E-2	300.005000	28758580.000000	28758607.000000	-27.000000
971.386000	971.593888	5.162012E-4	1.135810E-2	300.006400	28763075.000000	28763106.000000	-31.000000
971.377000	971.584311	5.147277E-4	1.133036E-2	300.004300	28767574.000000	28767602.000000	-28.000000
971.368000	971.574656	5.153317E-4	1.134679E-2	300.007300	28772071.000000	28772100.000000	-29.000000
971.359000	971.564768	5.162496E-4	1.136884E-2	300.004200	28776568.000000	28776596.000000	-28.000000
971.351000	971.554957	5.199622E-4	1.145653E-2	300.003900	28781067.000000	28781096.000000	-29.000000
971.339000	971.545301	5.223859E-4	1.151219E-2	300.002500	28785465.000000	28785494.000000	-29.000000
971.329000	971.535646	5.198106E-4	1.145683E-2	300.002800	28789845.000000	28789916.000000	-71.000000
971.321000	971.525757	5.187955E-4	1.143954E-2	300.003300	28794363.000000	28794393.000000	-30.000000
971.310000	971.515945	5.156996E-4	1.136922E-2	300.006300	28798750.000000	28798819.000000	-69.000000
971.302000	971.506134	5.167124E-4	1.139797E-2	300.002900	28803265.000000	28803293.000000	-28.000000
971.290000	971.496478	5.148989E-4	1.134735E-2	300.010900	28807764.000000	28807791.000000	-27.000000
971.284000	971.486588	5.162415E-4	1.137438E-2	300.003700	28812261.000000	28812288.000000	-27.000000
971.273000	971.476698	5.175532E-4	1.140017E-2	300.008100	28816755.000000	28816784.000000	-29.000000
971.263000	971.466886	5.202024E-4	1.145664E-2	300.005700	28821160.000000	28821189.000000	-29.000000
971.255000	971.457073	5.211332E-4	1.147542E-2	300.005200	28825657.000000	28825686.000000	-29.000000
971.246000	971.447183	5.187337E-4	1.141797E-2	300.005200	28830153.000000	28830183.000000	-30.000000
971.235000	971.437293	5.167658E-4	1.136987E-2	300.004800	28834648.000000	28834675.000000	-27.000000
971.225000	971.427558	5.134684E-4	1.129184E-2	300.005800	28839163.000000	28839192.000000	-29.000000
971.217000	971.417823	5.147647E-4	1.131579E-2	300.002100	28843663.000000	28843694.000000	-31.000000
971.207000	971.408010	5.137320E-4	1.128851E-2	300.002500	28848159.000000	28848188.000000	-29.000000
971.199000	971.398352	5.159387E-4	1.133203E-2	300.006300	28852658.000000	28852684.000000	-26.000000
971.190000	971.388461	5.169439E-4	1.134977E-2	300.006500	28857061.000000	28857092.000000	-31.000000
971.181000	971.378725	5.211862E-4	1.143904E-2	300.006600	28861433.000000	28861503.000000	-70.000000
971.170000	971.368990	5.214608E-4	1.144147E-2	300.004900	28865959.000000	28865988.000000	-29.000000
971.162000	971.359176	5.193268E-4	1.139290E-2	300.001900	28870452.000000	28870481.000000	-29.000000
971.151000	971.349362	5.183003E-4	1.136732E-2	300.005400	28874954.000000	28874984.000000	-30.000000
971.142000	971.339470	5.159093E-4	1.131432E-2	300.006600	28879452.000000	28879416.000000	36.000000
971.132000	971.329734	5.176229E-4	1.134881E-2	300.005500	28883948.000000	28883979.000000	-31.000000
971.125000	971.319841	5.166341E-4	1.132658E-2	300.008300	28888445.000000	28888474.000000	-29.000000
971.115000	971.310027	5.196145E-4	1.139106E-2	300.005800	28892832.000000	28892899.000000	-67.000000
971.104000	971.300212	5.220510E-4	1.144348E-2	300.006700	28897344.000000	28897374.000000	-30.000000
971.095000	971.290397	5.247748E-4	1.150187E-2	300.006200	28901726.000000	28901792.000000	-66.000000
971.086000	971.280505	5.233941E-4	1.147034E-2	300.009000	28906126.000000	28906192.000000	-66.000000
971.077000	971.270689	5.203322E-4	1.140012E-2	300.006800	28910647.000000	28910676.000000	-29.000000
971.064000	971.260874	5.196681E-4	1.138078E-2	300.003900	28915142.000000	28915171.000000	-29.000000
971.058000	971.251059	5.179736E-4	1.134006E-2	300.006800	28919642.000000	28919673.000000	-31.000000
971.047000	971.241321	5.195246E-4	1.136837E-2	300.001300	28924021.000000	28924097.000000	-76.000000
971.040000	971.231428	5.177767E-4	1.132501E-2	300.004500	28928540.000000	28928569.000000	-29.000000
971.030000	971.221534	5.207517E-4	1.138432E-2	300.003200	28932923.000000	28932987.000000	-64.000000
971.023000	971.211718	5.219497E-4	1.140165E-2	300.008400	28937437.000000	28937465.000000	-28.000000
971.011000	971.201902	5.247719E-4	1.145514E-2	300.009400	28941935.000000	28941964.000000	-29.000000
971.003000	971.191930	5.214598E-4	1.137459E-2	300.000000	28946432.000000	28946461.000000	-29.000000
970.993000	971.182113	5.187297E-4	1.130625E-2	300.003600	28950930.000000	28950959.000000	-29.000000
970.981000	971.172297	5.172788E-4	1.126425E-2	300.005300	28955426.000000	28955453.000000	-27.000000
970.973000	971.162558	5.166870E-4	1.124535E-2	300.002500	28959926.000000	28959956.000000	-30.000000
970.967000	971.152585	5.173539E-4	1.125568E-2	300.002000	28964312.000000	28964388.000000	-76.000000
970.955000	971.142691	5.172702E-4	1.124526E-2	300.002100	28968826.000000	28968853.000000	-27.000000
970.946000	971.132796	5.204861E-4	1.131206E-2	300.004000	28973321.000000	28973350.000000	-29.000000
970.938000	971.123134	5.224950E-4	1.135142E-2	300.007300	28977825.000000	28977855.000000	-30.000000
970.928000	971.113239	5.253056E-4	1.141132E-2	300.006400	28982334.000000	28982363.000000	-29.000000
970.920000	971.103421	5.214516E-4	1.132770E-2	300.004200	28986830.000000	28986860.000000	-30.000000
970.909000	971.093681	5.203379E-4	1.130430E-2	300.004300	28991329.000000	28991360.000000	-31.000000
970.902000	971.083941	5.183100E-4	1.126140E-2	300.003000	28995825.000000	28995856.000000	-31.000000
970.891000	971.074201	5.202529E-4	1.130694E-2	300.006200	29000321.000000	29000351.000000	-30.000000
970.883000	971.064461	5.194151E-4	1.129235E-2	300.002000	29004724.000000	29004753.000000	-29.000000
970.873000	971.054643	5.205019E-4	1.131844E-2	300.003000	29009220.000000	29009251.000000	-31.000000
970.866000	971.044825	5.226375E-4	1.136730E-2	300.001800	29013721.000000	29013749.000000	-28.000000
970.854000	971.035240	5.250415E-4	1.142356E-2	299.999800	29018120.000000	29018151.000000	-31.000000
970.846000	971.025343	5.257547E-4	1.144158E-2	300.003400	29022618.000000	29022647.000000	-29.000000
970.836000	971.015602	5.222892E-4	1.136854E-2	300.003800	29027113.000000	29027142.000000	-29.000000
970.826000	971.005783	5.208920E-4	1.133928E-2	300.008000	29031516.000000	29031544.000000	-28.000000
970.817000	970.995964	5.183237E-4	1.128400E-2	300.003900	29035917.000000	29035945.000000	-28.000000
970.808000	970.986067	5.198255E-4	1.131516E-2	300.002600	29040416.000000	29040445.000000	-29.000000
970.799000	970.976247	5.184597E-4	1.128363E-2	300.001300	29044915.000000	29044946.000000	-31.000000
970.789000	970.966428	5.200242E-4	1.131563E-2	300.001100	29049410.000000	29049439.000000	-29.000000
970.781000	970.956686	5.212950E-4	1.133862E-2	300.003800	29053905.000000	29053935.000000	-30.000000
970.772000	970.946788	5.234795E-4	1.138144E-2	300.002600	29058297.000000	29058363.000000	-66.000000
970.764000	970.936968	5.229551E-4	1.136606E-2	300.004200	29062806.000000	29062835.000000	-29.000000
970.754000	970.927070	5.207604E-4	1.131389E-2	300.000600	29067208.000000	29067236.000000	-28.000000
970.746000	970.917250	5.180716E-4	1.124811E-2	300.006400	29071708.000000	29071737.000000	-29.000000
970.735000	970.907429	5.166940E-4	1.121370E-2	300.002400	29076204.000000	29076234.000000	-30.000000
970.728000	970.897531	5.176441E-4	1.122909E-2	299.999300	29080589.000000	29080652.000000	-63.000000
970.717000	970.887710	5.167133E-4	1.120353E-2	299.998600	29085102.000000	29085133.000000	-31.000000
970.709000	970.877889	5.186862E-4	1.124071E-2	300.002000	29089601.000000	29089631.000000	-30.000000
970.698000	970.868146	5.194688E-4	1.125291E-2	300.005300	29094098.000000	29094128.000000	-30.000000
970.691000	970.858169	5.232519E-4	1.133103E-2	300.004200	29098595.000000	29098626.000000	-31.000000
970.680000	970.848504	5.220600E-4	1.130198E-2	300.002100	29103094.000000	29103118.000000	-24.000000
970.672000	970.838682	5.207332E-4	1.127240E-2	299.999900	29107603.000000	29107633.000000	-30.000000
970.662000	970.828860	5.173275E-4	1.119407E-2	299.999900	29112104.000000	29112134.000000	-30.000000
970.654000	970.818961	5.181223E-4	1.121091E-2	300.001500	29116602.000000	29116633.000000	-31.000000
970.644000	970.809061	5.184830E-4	1.121470E-2	300.004300	29121099.000000	29121127.000000	-28.000000
970.636000	970.799317	5.193613E-4	1.123161E-2	300.002600	29125472.000000	29125559.000000	-87.000000
970.627000	970.789651	5.195115E-4	1.123223E-2	300.002200	29129999.000000	29130026.000000	-27.000000
970.618000	970.779906	5.215377E-4	1.127249E-2	300.004100	29134377.000000	29134445.000000	-68.000000
970.610000	970.770162	5.238850E-4	1.131823E-2	300.003500	29138898.000000	29138928.000000	-30.000000
970.602000	970.760339	5.243835E-4	1.132418E-2	300.004300	29143394.000000	29143423.000000	-29.000000
970.592000	970.750516	5.222859E-4	1.127199E-2	300.002600	29147893.000000	29147923.000000	-30.000000
970.582000	970.740693	5.187662E-4	1.118811E-2	300.009400	29152386.000000	29152417.000000	-31.000000
970.573000	970.730792	5.199688E-4	1.120479E-2	300.003500	29156884.000000	29156911.000000	-27.000000
970.563000	970.721203	5.200954E-4	1.119868E-2	300.001500	29161383.000000	29161414.000000	-31.000000
970.555000	970.711302	5.215865E-4	1.122088E-2	300.005800	29165882.000000	29165910.000000	-28.000000
970.544000	970.701556	5.209167E-4	1.119540E-2	300.001000	29170379.000000	29170409.000000	-30.000000
970.537000	970.691655	5.246538E-4	1.126634E-2	300.001700	29174876.000000	29174905.000000	-29.000000
970.528000	970.681831	5.260760E-4	1.128680E-2	300.004500	29179390.000000	29179419.000000	-29.000000
970.524000	970.672007	5.278850E-4	1.131419E-2	300.006800	29183889.000000	29183917.000000	-28.000000
970.515000	970.662183	5.241214E-4	1.122254E-2	299.999800	29188266.000000	29188332.000000	-66.000000
970.506000	970.652281	5.223955E-4	1.117748E-2	300.000800	29192786.000000	29192818.000000	-32.000000
970.487000	970.688692	5.230836E-4	1.117667E-2	300.000600	29264969.000000	29264999.000000	-30.000000
970.477000	970.678868	5.233777E-4	1.117756E-2	300.001800	29269468.000000	29269498.000000	-30.000000
970.469000	970.668966	5.232494E-4	1.117037E-2	300.003500	29273965.000000	29273994.000000	-29.000000
970.461000	970.659064	5.260970E-4	1.122681E-2	300.004400	29278465.000000	29278493.000000	-28.000000
970.452000	970.649318	5.272496E-4	1.124960E-2	300.000000	29282960.000000	29282987.000000	-27.000000
970.441000	970.639493	5.283158E-4	1.127068E-2	300.003400	29287458.000000	29287490.000000	-32.000000
970.433000	970.629669	5.238231E-4	1.117436E-2	300.004900	29291836.000000	29291920.000000	-84.000000
970.423000	970.619922	5.226783E-4	1.115001E-2	300.003500	29296355.000000	29296385.000000	-30.000000
970.413000	970.610097	5.212729E-4	1.112075E-2	300.003600	29300856.000000	29300887.000000	-31.000000
970.403000	970.600272	5.233760E-4	1.116552E-2	300.005200	29305349.000000	29305377.000000	-28.000000
970.396000	970.590447	5.207246E-4	1.110736E-2	300.000400	29309738.000000	29309808.000000	-70.000000
970.378000	970.575241	5.216582E-4	1.113019E-2	300.003500	29364645.000000	29364673.000000	-28.000000
970.368000	970.565494	5.258909E-4	1.122366E-2	299.999900	29369143.000000	29369171.000000	-28.000000
970.358000	970.555902	5.248006E-4	1.119910E-2	300.002300	29373641.000000	29373670.000000	-29.000000
970.349000	970.545998	5.221583E-4	1.114123E-2	300.000600	29378139.000000	29378169.000000	-30.000000
970.339000	970.536094	5.197196E-4	1.108398E-2	300.000800	29382637.000000	29382667.000000	-30.000000
970.330000	970.526268	5.199360E-4	1.108397E-2	300.005200	29387135.000000	29387163.000000	-28.000000
970.324000	970.516442	5.214281E-4	1.111014E-2	300.006000	29391626.000000	29391653.000000	-27.000000
970.314000	970.506538	5.208413E-4	1.109236E-2	300.000900	29396033.000000	29396064.000000	-31.000000
970.304000	970.496867	5.228470E-4	1.112010E-2	300.004900	29400532.000000	29400562.000000	-30.000000
970.294000	970.486963	5.235227E-4	1.112776E-2	299.997000	29404925.000000	29404989.000000	-64.000000
970.286000	970.477214	5.271520E-4	1.119641E-2	300.005300	29409428.000000	29409457.000000	-29.000000
970.276000	970.467309	5.255503E-4	1.115543E-2	300.006900	29413924.000000	29413954.000000	-30.000000
970.266000	970.457482	5.245548E-4	1.112567E-2	300.001500	29418423.000000	29418451.000000	-28.000000
970.260000	970.447577	5.212242E-4	1.104640E-2	300.002800	29422924.000000	29422956.000000	-32.000000
970.250000	970.437749	5.234834E-4	1.108783E-2	300.003800	29427436.000000	29427463.000000	-27.000000
970.242000	970.427844	5.235423E-4	1.108207E-2	300.001100	29431933.000000	29431962.000000	-29.000000
970.231000	970.417938	5.247520E-4	1.110249E-2	300.000300	29436430.000000	29436459.000000	-29.000000
970.223000	970.408110	5.242110E-4	1.108640E-2	300.004000	29440812.000000	29440881.000000	-69.000000
970.212000	970.398204	5.268528E-4	1.113613E-2	300.002600	29445327.000000	29445357.000000	-30.000000
970.202000	970.388454	5.297612E-4	1.119167E-2	300.002000	29449824.000000	29449851.000000	-27.000000
970.194000	970.378548	5.279232E-4	1.114959E-2	299.999300	29454229.000000	29454260.000000	-31.000000
970.185000	970.368719	5.260684E-4	1.110568E-2	300.001600	29458725.000000	29458754.000000	-29.000000
970.176000	970.358891	5.228506E-4	1.103301E-2	300.000200	29463225.000000	29463255.000000	-30.000000
970.167000	970.349062	5.253743E-4	1.108116E-2	300.003200	29467722.000000	29467752.000000	-30.000000
970.158000	970.339077	5.243308E-4	1.105451E-2	300.001200	29472218.000000	29472248.000000	-30.000000
970.138000	970.328000	5.240473E-4	1.104083E-2	299.998000	29537098.000000	29537129.000000	-31.000000
970.129000	970.318093	5.272598E-4	1.110295E-2	299.999500	29541595.000000	29541623.000000	-28.000000
970.123000	970.308186	5.272992E-4	1.109937E-2	300.003700	29545992.000000	29546059.000000	-67.000000
970.111000	970.298278	5.266926E-4	1.107649E-2	300.002800	29550493.000000	29550523.000000	-30.000000
970.102000	970.288449	5.236403E-4	1.100384E-2	300.000800	29554999.000000	29555027.000000	-28.000000
970.092000	970.278619	5.212444E-4	1.094250E-2	300.006100	29559506.000000	29559535.000000	-29.000000
970.073000	970.260597	5.224519E-4	1.094427E-2	300.001900	29596593.000000	29596621.000000	-28.000000
970.064000	970.250845	5.245637E-4	1.097646E-2	300.007000	29600977.000000	29601058.000000	-81.000000
970.057000	970.241015	5.241929E-4	1.095758E-2	299.998200	29605490.000000	29605519.000000	-29.000000
970.048000	970.231185	5.283888E-4	1.103257E-2	299.999500	29609990.000000	29610020.000000	-30.000000
970.028000	970.213006	5.279681E-4	1.099754E-2	299.999200	29651079.000000	29651108.000000	-29.000000
970.018000	970.203175	5.240744E-4	1.090498E-2	300.003800	29655576.000000	29655606.000000	-30.000000
970.010000	970.193266	5.245175E-4	4.087245E-1	299.998300	29660072.000000	29660102.000000	-30.000000
970.000000	970.183357	5.258685E-4	1.092550E-2	300.001800	29664574.000000	29664603.000000	-29.000000
969.993000	970.173447	5.264632E-4	1.093146E-2	300.001200	29668973.000000	29669001.000000	-28.000000
969.983000	970.163460	5.270083E-4	1.093623E-2	300.006300	29673473.000000	29673500.000000	-27.000000
969.971000	970.153706	5.274756E-4	1.094002E-2	299.998800	29677969.000000	29677999.000000	-30.000000
969.963000	970.143797	5.308008E-4	1.100515E-2	300.000400	29682467.000000	29682493.000000	-26.000000
969.953000	970.133965	5.295564E-4	1.097635E-2	299.999700	29686869.000000	29686900.000000	-31.000000
969.944000	970.124055	5.284683E-4	1.095196E-2	300.001200	29691366.000000	29691396.000000	-30.000000
969.934000	970.114301	5.246268E-4	1.086928E-2	299.999600	29695864.000000	29695891.000000	-27.000000
969.918000	970.097133	5.254840E-4	1.088245E-2	300.002600	29731663.000000	29731692.000000	-29.000000
969.908000	970.087222	5.265008E-4	1.090113E-2	300.002000	29736167.000000	29736196.000000	-29.000000
969.898000	970.077312	5.266034E-4	1.090019E-2	300.001200	29740664.000000	29740693.000000	-29.000000
969.889000	970.067323	5.274991E-4	1.091588E-2	299.997200	29745166.000000	29745195.000000	-29.000000
969.879000	970.057334	5.299856E-4	1.096262E-2	300.000400	29749659.000000	29749689.000000	-30.000000
969.870000	970.047423	5.292987E-4	1.094404E-2	300.002200	29754064.000000	29754090.000000	-26.000000
969.859000	970.037589	5.276017E-4	1.090182E-2	299.999900	29758448.000000	29758513.000000	-65.000000
969.853000	970.027600	5.235195E-4	1.081272E-2	300.003200	29762958.000000	29762986.000000	-28.000000
969.844000	970.017688	5.251165E-4	1.083777E-2	300.000900	29767455.000000	29767482.000000	-27.000000
969.835000	970.007776	5.241189E-4	1.081091E-2	300.000900	29771955.000000	29771986.000000	-31.000000
969.825000	969.997865	5.256192E-4	1.083348E-2	300.001600	29776450.000000	29776478.000000	-28.000000
969.815000	969.987874	5.247923E-4	1.080718E-2	299.996000	29780949.000000	29780978.000000	-29.000000
969.805000	969.977962	5.271153E-4	1.084718E-2	300.001900	29785446.000000	29785477.000000	-31.000000
969.794000	969.968128	5.288750E-4	1.087505E-2	300.002600	29789946.000000	29789975.000000	-29.000000
969.786000	969.958215	5.276344E-4	1.084385E-2	299.999600	29794440.000000	29794470.000000	-30.000000
969.777000	969.948303	5.250506E-4	1.078367E-2	300.003300	29798940.000000	29798971.000000	-31.000000
969.769000	969.938312	5.220945E-4	1.071752E-2	299.997200	29803452.000000	29803481.000000	-29.000000
969.759000	969.928477	5.238444E-4	1.074727E-2	300.002300	29807952.000000	29807984.000000	-32.000000
969.750000	969.918564	5.229469E-4	1.072244E-2	300.001700	29812449.000000	29812478.000000	-29.000000
969.740000	969.908729	5.245075E-4	1.075015E-2	300.002300	29816946.000000	29816975.000000	-29.000000
969.731000	969.898893	5.231008E-4	1.071506E-2	300.002600	29821441.000000	29821469.000000	-28.000000
969.722000	969.889058	5.263925E-4	1.077810E-2	300.002200	29825940.000000	29825970.000000	-30.000000
969.714000	969.879144	5.268040E-4	1.078189E-2	300.002200	29830439.000000	29830467.000000	-28.000000
969.702000	969.869230	5.262671E-4	1.076586E-2	299.998500	29834931.000000	29834960.000000	-29.000000
969.693000	969.859316	5.230911E-4	1.069462E-2	300.001400	29839433.000000	29839461.000000	-28.000000
969.683000	969.849402	5.222013E-4	1.067146E-2	300.001800	29843930.000000	29843959.000000	-29.000000
969.674000	969.839488	5.242471E-4	1.070627E-2	299.998200	29848332.000000	29848403.000000	-71.000000
969.663000	969.829652	5.244964E-4	1.070322E-2	300.002600	29852828.000000	29852858.000000	-30.000000
969.654000	969.819737	5.261217E-4	1.072731E-2	300.001200	29857232.000000	29857263.000000	-31.000000
969.647000	969.809822	5.257969E-4	1.071208E-2	300.003400	29861729.000000	29861758.000000	-29.000000
969.636000	969.799986	5.298984E-4	1.078250E-2	300.002700	29866225.000000	29866255.000000	-30.000000
969.627000	969.790149	5.303107E-4	1.077775E-2	300.002300	29870726.000000	29870757.000000	-31.000000
969.618000	969.780234	5.294610E-4	1.074901E-2	300.001100	29875238.000000	29875266.000000	-28.000000
969.610000	969.770318	5.259981E-4	1.066571E-2	300.000700	29879734.000000	29879764.000000	-30.000000
969.598000	969.760559	5.266122E-4	1.066271E-2	300.004200	29884232.000000	29884262.000000	-30.000000
969.589000	969.750643	5.281912E-4	1.068052E-2	300.004700	29888729.000000	29888757.000000	-28.000000
969.580000	969.740650	5.280200E-4	1.066397E-2	300.002000	29893113.000000	29893194.000000	-81.000000
969.574000	969.730734	5.288389E-4	1.066950E-2	300.002100	29897615.000000	29897694.000000	-79.000000
969.563000	969.720818	5.289573E-4	1.065962E-2	299.999500	29902126.000000	29902154.000000	-28.000000
969.553000	969.710980	5.324456E-4	1.071837E-2	299.997600	29906626.000000	29906657.000000	-31.000000
969.544000	969.701063	5.311947E-4	1.068312E-2	300.002500	29911118.000000	29911147.000000	-29.000000
969.534000	969.691147	5.302361E-4	1.065477E-2	300.001900	29915616.000000	29915645.000000	-29.000000
969.524000	969.681230	5.265421E-4	1.057222E-2	300.003000	29920119.000000	29920147.000000	-28.000000
969.515000	969.671392	5.275975E-4	1.058825E-2	300.002400	29924614.000000	29924640.000000	-26.000000
969.507000	969.661397	5.271407E-4	1.057349E-2	300.005000	29929112.000000	29929141.000000	-29.000000
969.498000	969.651480	5.275005E-4	1.057726E-2	299.996400	29933625.000000	29933652.000000	-27.000000
969.488000	969.641640	8.004226E-1	1.058803E-2	299.996000	29938011.000000	29938042.000000	-31.000000
969.479000	969.631801	5.282084E-4	1.058612E-2	300.003100	29942516.000000	29942543.000000	-27.000000
969.470000	969.621806	5.305275E-4	1.063003E-2	299.998600	29947022.000000	29947051.000000	-29.000000
969.459000	969.611888	5.283054E-4	1.058536E-2	300.001300	29951405.000000	29951471.000000	-66.000000
969.450000	969.601970	5.263489E-4	1.054570E-2	300.000400	29955807.000000	29955874.000000	-67.000000
969.439000	969.592052	5.235817E-4	1.048926E-2	299.999700	29960306.000000	29960335.000000	-29.000000
969.433000	969.582134	5.254320E-4	1.052423E-2	299.998500	29964701.000000	29964779.000000	-78.000000
969.423000	969.572138	5.249277E-4	4.084117E-1	300.002100	29969103.000000	29969169.000000	-66.000000
969.414000	969.562219	5.266204E-4	1.054700E-2	299.999100	29973604.000000	29973633.000000	-29.000000
969.404000	969.552379	5.270295E-4	1.055281E-2	299.999800	29978002.000000	29978072.000000	-70.000000
969.385000	969.543632	5.300774E-4	1.060361E-2	300.001300	30015397.000000	30015425.000000	-28.000000
969.376000	969.533791	5.287582E-4	1.057360E-2	300.002200	30019899.000000	30019929.000000	-30.000000
969.366000	969.523872	5.273525E-4	1.053996E-2	300.002100	30024393.000000	30024424.000000	-31.000000
969.349000	969.504581	5.274744E-4	1.057824E+2	300.000200	30060794.000000	30060822.000000	-28.000000
969.340000	969.494661	5.267645E-4	1.050521E-2	300.001300	30065293.000000	30065323.000000	-30.000000
969.330000	969.484663	5.284424E-4	1.053393E-2	299.997100	30069788.000000	30069818.000000	-30.000000
969.319000	969.474744	5.279778E-4	1.051963E-2	300.001300	30074187.000000	30074215.000000	-28.000000
969.310000	969.464824	5.297781E-4	1.055231E-2	299.998400	30078685.000000	30078715.000000	-30.000000
969.301000	969.454982	5.305274E-4	1.056386E-2	300.001000	30083183.000000	30083213.000000	-30.000000
969.291000	969.444984	5.276361E-4	1.050425E-2	300.001600	30087681.000000	30087710.000000	-29.000000
969.282000	969.435064	5.267304E-4	1.048395E-2	299.998100	30092179.000000	30092209.000000	-30.000000
969.274000	969.425065	5.250586E-4	1.044950E-2	299.999600	30096676.000000	30096704.000000	-28.000000
969.265000	969.415145	5.273039E-4	1.049349E-2	300.002400	30101171.000000	30101198.000000	-27.000000
969.255000	969.405224	5.263864E-4	1.047515E-2	300.002700	30105677.000000	30105705.000000	-28.000000
969.245000	969.395303	5.279222E-4	1.050637E-2	299.999100	30110185.000000	30110217.000000	-32.000000
969.236000	969.385382	5.276067E-4	1.049919E-2	300.000000	30114684.000000	30114713.000000	-29.000000
969.226000	969.375461	5.300088E-4	1.054659E-2	299.999800	30119072.000000	30119138.000000	-66.000000
969.216000	969.365539	5.296697E-4	1.053967E-2	300.004000	30123584.000000	30123615.000000	-31.000000
969.207000	969.355618	5.260200E-4	1.046692E-2	299.999100	30128080.000000	30128107.000000	-27.000000
969.197000	969.345618	5.259125E-4	1.046204E-2	299.998700	30132576.000000	30132606.000000	-30.000000
969.187000	969.335618	5.248687E-4	1.043998E-2	300.004600	30136977.000000	30137005.000000	-28.000000
969.175000	969.325697	4.277516E-4	1.049402E-2	300.002100	30141371.000000	30141400.000000	-29.000000
969.166000	969.315853	5.271040E-4	1.047679E-2	300.002300	30145876.000000	30145904.000000	-28.000000
969.157000	969.305852	5.283936E-4	1.049755E-2	299.999300	30150269.000000	30150334.000000	-65.000000
969.148000	969.295930	5.290554E-4	1.050567E-2	300.003000	30154775.000000	30154803.000000	-28.000000
969.128000	969.279132	5.302549E-4	1.051104E-2	300.002400	30195163.000000	30195194.000000	-31.000000
969.119000	969.269131	5.268114E-4	1.043737E-2	300.001500	30199659.000000	30199689.000000	-30.000000
969.111000	969.259130	5.278205E-4	1.045117E-2	300.001900	30204061.000000	30204089.000000	-28.000000
969.100000	969.249207	5.272894E-4	1.043505E-2	300.000600	30208451.000000	30208526.000000	-75.000000
969.091000	969.239284	5.298437E-4	1.048190E-2	300.002900	30212960.000000	30212988.000000	-28.000000
969.081000	969.229282	5.288954E-4	1.045963E-2	300.000400	30217457.000000	30217488.000000	-31.000000
969.071000	969.219281	5.304860E-4	1.048730E-2	300.001100	30221849.000000	30221915.000000	-66.000000
969.062000	969.209357	5.321957E-4	1.052104E-2	300.003600	30226356.000000	30226385.000000	-29.000000
969.051000	969.199355	5.309091E-4	1.049672E-2	300.001500	30230853.000000	30230882.000000	-29.000000
969.042000	969.189353	5.298161E-4	1.047592E-2	300.000700	30235349.000000	30235377.000000	-28.000000
969.032000	969.179429	5.275103E-4	1.043318E-2	300.002400	30239755.000000	30239819.000000	-64.000000
969.022000	969.169505	5.294256E-4	1.047623E-2	300.000800	30244249.000000	30244280.000000	-31.000000
969.012000	969.159581	5.299387E-4	1.049245E-2	300.003300	30248746.000000	30248776.000000	-30.000000
969.001000	969.149578	5.307237E-4	1.051452E-2	300.000400	30253240.000000	30253267.000000	-27.000000
968.995000	969.139653	5.316281E-4	1.053801E-2	300.001400	30257744.000000	30257773.000000	-29.000000
968.984000	969.129650	5.325160E-4	1.056113E-2	300.000900	30262239.000000	30262268.000000	-29.000000
968.973000	969.119647	5.346237E-4	1.060819E-2	300.003000	30266740.000000	30266768.000000	-28.000000
968.954000	969.100969	5.291436E-4	1.049820E-2	299.997700	30446006.000000	30446034.000000	-28.000000
968.954000	969.100969	5.288971E-4	1.049422E-2	299.999300	30448398.000000	30448462.000000	-64.000000
968.944000	969.091044	5.283242E-4	1.048680E-2	299.993400	30452901.000000	30452933.000000	-32.000000
968.935000	969.081118	5.294829E-4	1.051456E-2	300.002900	30457399.000000	30457426.000000	-27.000000
968.926000	969.071114	5.305309E-4	1.054009E-2	299.998500	30461787.000000	30461863.000000	-76.000000
968.917000	969.061111	5.299284E-4	1.053159E-2	299.998100	30466296.000000	30466325.000000	-29.000000
968.907000	969.051106	5.320188E-4	1.057728E-2	299.998800	30470697.000000	30470728.000000	-31.000000
968.895000	969.041180	5.314337E-4	1.056841E-2	299.999600	30475197.000000	30475224.000000	-27.000000
968.887000	969.031254	1.667647E-1	1.055909E-2	300.002200	30479588.000000	30479619.000000	-31.000000
968.876000	969.021249	5.274255E-4	1.049458E-2	300.000600	30484094.000000	30484125.000000	-31.000000
968.857000	969.002178	5.262324E-4	1.048108E-2	299.998200	30522879.000000	30522906.000000	-27.000000
968.849000	968.992251	5.263074E-4	1.048708E-2	300.001100	30527272.000000	30527344.000000	-72.000000
968.840000	968.982246	5.276806E-4	1.052079E-2	300.000300	30531777.000000	30531808.000000	-31.000000
968.829000	968.972241	5.261190E-4	1.049651E-2	300.000200	30536180.000000	30536206.000000	-26.000000
968.819000	968.962313	5.286747E-4	1.055458E-2	299.999500	30540583.000000	30540611.000000	-28.000000
968.809000	968.952386	5.281096E-4	1.055039E-2	300.000600	30544984.000000	30545015.000000	-31.000000
968.789000	968.932452	5.246443E-4	1.049556E-2	300.000900	30553978.000000	30554007.000000	-29.000000
968.780000	968.922524	5.239896E-4	1.049011E-2	300.000900	30558379.000000	30558409.000000	-30.000000
968.763000	968.903215	5.261454E-4	1.054952E-2	299.996600	30590874.000000	30590903.000000	-29.000000
968.730000	968.873586	5.302778E-4	1.065445E-2	300.000600	30631457.000000	30631488.000000	-31.000000
968.721000	968.863580	5.297950E-4	1.064932E-2	300.001200	30635961.000000	30635991.000000	-30.000000
968.711000	968.853572	2.361765E-3	1.060051E-2	299.998100	30640346.000000	30640375.000000	-29.000000
968.701000	968.843565	5.275826E-4	1.061098E-2	300.001100	30644749.000000	30644778.000000	-29.000000
968.694000	968.833558	5.266036E-4	1.059436E-2	300.003100	30649247.000000	30649273.000000	-26.000000
968.684000	968.823550	5.297412E-4	1.065488E-2	300.000900	30653649.000000	30653679.000000	-30.000000
968.675000	968.813543	5.285141E-4	1.063014E-2	300.000400	30658145.000000	30658174.000000	-29.000000
968.663000	968.803535	5.302266E-4	1.066472E-2	300.003400	30662548.000000	30662574.000000	-26.000000
968.654000	968.793527	5.312961E-4	1.068395E-2	300.001000	30666950.000000	30666975.000000	-25.000000
968.644000	968.783519	5.311277E-4	1.068076E-2	299.998900	30671351.000000	30671382.000000	-31.000000
968.635000	968.773510	5.299363E-4	1.065544E-2	299.998700	30675751.000000	30675780.000000	-29.000000
968.626000	968.763502	5.264104E-4	1.058304E-2	299.999700	30680250.000000	30680279.000000	-29.000000
968.617000	968.753493	5.276683E-4	1.060689E-2	299.999100	30684651.000000	30684679.000000	-28.000000
968.586000	968.724092	5.288564E-4	1.063857E-2	300.001300	30731937.000000	30731965.000000	-28.000000
968.576000	968.714083	5.293000E-4	1.065220E-2	300.001500	30736337.000000	30736405.000000	-68.000000
968.567000	968.704074	5.309333E-4	1.069140E-2	300.000900	30740840.000000	30740870.000000	-30.000000
968.557000	968.694143	5.283002E-4	1.064562E-2	300.002700	30745336.000000	30745367.000000	-31.000000
968.548000	968.684133	5.278315E-4	1.064296E-2	300.000500	30749739.000000	30749768.000000	-29.000000
968.530000	968.664113	5.279238E-4	1.066170E-2	300.005600	30758733.000000	30758764.000000	-31.000000
968.509000	968.644171	5.293524E-4	1.071235E-2	300.002800	30807420.000000	30807488.000000	-68.000000
968.499000	968.634161	5.311140E-4	1.075823E-2	299.997400	30811919.000000	30811951.000000	-32.000000
968.489000	968.624150	5.306757E-4	1.075818E-2	299.997700	30816417.000000	30816446.000000	-29.000000
968.481000	968.614140	5.321805E-4	1.079713E-2	300.002700	30820915.000000	30820945.000000	-30.000000
968.471000	968.604129	5.288322E-4	1.073720E-2	299.998000	30825415.000000	30825445.000000	-30.000000
968.463000	968.594118	5.279782E-4	1.072627E-2	299.998100	30829816.000000	30829846.000000	-30.000000
968.453000	968.584107	5.269114E-4	1.071016E-2	299.998300	30834313.000000	30834339.000000	-26.000000
968.443000	968.574096	5.294792E-4	1.076897E-2	300.000300	30838713.000000	30838743.000000	-30.000000
968.433000	968.564084	5.306099E-4	1.079783E-2	300.001000	30843211.000000	30843239.000000	-28.000000
968.422000	968.554073	5.288036E-4	1.076698E-2	299.998300	30847612.000000	30847641.000000	-29.000000
968.414000	968.544061	5.307364E-4	1.081171E-2	300.003200	30852014.000000	30852044.000000	-30.000000
968.403000	968.534049	1.320414E-2	1.080647E-2	300.002600	30856403.000000	30856433.000000	-30.000000
968.395000	968.524037	5.304231E-4	1.081680E-2	300.001100	30860810.000000	30860876.000000	-66.000000
968.386000	968.514025	5.268554E-4	1.075165E-2	299.998400	30865300.000000	30865330.000000	-30.000000
968.374000	968.504013	5.262113E-4	1.074490E-2	299.999300	30869699.000000	30869729.000000	-30.000000
968.364000	968.494000	5.281515E-4	8.785290E-3	299.998400	30874196.000000	30874225.000000	-29.000000
968.353000	968.483988	5.285751E-4	1.080272E-2	300.000400	30878603.000000	30878673.000000	-70.000000
968.343000	968.473975	5.294358E-4	1.083009E-2	299.997400	30883099.000000	30883129.000000	-30.000000
968.333000	968.463962	5.285468E-4	1.082304E-2	299.999700	30887499.000000	30887531.000000	-32.000000
968.323000	968.453949	5.306865E-4	1.087834E-2	300.002400	30891996.000000	30892027.000000	-31.000000
968.315000	968.443936	5.295600E-4	1.086539E-2	300.002000	30896398.000000	30896426.000000	-28.000000
968.305000	968.433922	5.263953E-4	1.081152E-2	299.998200	30900801.000000	30900830.000000	-29.000000
968.295000	968.423909	5.248712E-4	1.078778E-2	300.001100	30905200.000000	30905230.000000	-30.000000
968.286000	968.413974	5.240157E-4	1.077698E-2	300.004500	30909701.000000	30909730.000000	-29.000000
968.275000	968.403960	5.259679E-4	1.082145E-2	300.002100	30914194.000000	30914223.000000	-29.000000
968.265000	968.393946	5.264957E-4	1.084623E-2	300.000800	30918691.000000	30918720.000000	-29.000000
968.256000	968.383932	5.285193E-4	1.089811E-2	300.002100	30923094.000000	30923159.000000	-65.000000
968.245000	968.373996	5.293172E-4	1.092452E-2	300.003900	30927593.000000	30927623.000000	-30.000000
968.237000	968.363981	5.293673E-4	1.093247E-2	300.002100	30932090.000000	30932118.000000	-28.000000
968.227000	968.354045	5.280927E-4	1.090881E-2	300.000000	30936495.000000	30936562.000000	-67.000000
968.219000	968.343952	5.243462E-4	1.083466E-2	300.001300	30940989.000000	30941018.000000	-29.000000
968.208000	968.333937	5.260552E-4	1.087086E-2	299.996300	30945486.000000	30945517.000000	-31.000000
968.199000	968.323922	5.269199E-4	1.088931E-2	299.998600	30949983.000000	30950013.000000	-30.000000
968.188000	968.313907	5.288444E-4	1.093024E-2	300.000800	30954477.000000	30954506.000000	-29.000000
968.179000	968.303892	5.282901E-4	1.091846E-2	299.999900	30958979.000000	30959011.000000	-32.000000
968.169000	968.293876	5.289454E-4	1.093334E-2	299.998500	30963378.000000	30963407.000000	-29.000000
968.160000	968.283861	5.304461E-4	1.096476E-2	300.002600	30967783.000000	30967810.000000	-27.000000
968.151000	968.273923	5.285658E-4	1.092873E-2	299.998900	30972277.000000	30972305.000000	-28.000000
968.142000	968.263907	5.278899E-4	1.091464E-2	299.999700	30976775.000000	30976804.000000	-29.000000
968.133000	968.253891	5.256811E-4	1.087188E-2	299.999300	30981175.000000	30981204.000000	-29.000000
968.122000	968.243875	5.289788E-4	1.094308E-2	300.001100	30985675.000000	30985704.000000	-29.000000
968.112000	968.233937	5.304070E-4	1.097678E-2	300.001800	30990171.000000	30990200.000000	-29.000000
968.103000	968.223921	5.313724E-4	1.100331E-2	299.999000	30994573.000000	30994603.000000	-30.000000
968.093000	968.213904	5.317452E-4	1.101756E-2	299.998400	30998976.000000	30999005.000000	-29.000000
968.082000	968.203887	5.316078E-4	1.102457E-2	300.004200	31003473.000000	31003502.000000	-29.000000
968.075000	968.193948	5.330274E-4	1.106303E-2	300.002700	31007870.000000	31007949.000000	-79.000000
968.065000	968.183853	5.298662E-4	1.100653E-2	300.002400	31012272.000000	31012340.000000	-68.000000
968.056000	968.173836	5.286144E-4	1.099100E-2	300.002800	31016774.000000	31016803.000000	-29.000000
968.043000	968.163819	5.276092E-4	1.098027E-2	300.002500	31021176.000000	31021206.000000	-30.000000
968.034000	968.153879	5.303619E-4	1.104795E-2	299.998600	31025577.000000	31025607.000000	-30.000000
968.025000	968.143862	2.426049E-1	1.107132E-2	300.000400	31029966.000000	31029997.000000	-31.000000
968.014000	968.133844	5.309875E-4	1.107448E-2	299.996200	31034476.000000	31034506.000000	-30.000000
968.006000	968.123904	5.314225E-4	1.108909E-2	300.002000	31038973.000000	31039000.000000	-27.000000
967.997000	968.113964	5.305280E-4	1.107550E-2	300.003200	31043469.000000	31043498.000000	-29.000000
967.997000	968.113964	5.305770E-4	1.107665E-2	300.002600	31045970.000000	31046000.000000	-30.000000
967.988000	968.103946	5.313664E-4	1.109864E-2	300.003500	31050465.000000	31050496.000000	-31.000000
967.978000	968.093927	5.265912E-4	1.100287E-2	299.996500	31054960.000000	31054988.000000	-28.000000
967.969000	968.083909	5.257662E-4	1.098873E-2	300.000000	31059463.000000	31059492.000000	-29.000000
967.959000	968.073968	5.258135E-4	1.099184E-2	300.002400	31064070.000000	31064101.000000	-31.000000
967.950000	968.063871	5.287222E-4	1.105497E-2	300.002300	31068568.000000	31068597.000000	-29.000000
967.940000	968.053852	5.810403E+0	1.106381E-2	300.004200	31072961.000000	31072992.000000	-31.000000
967.930000	968.043911	5.277963E-4	1.104282E-2	300.000800	31077464.000000	31077493.000000	-29.000000
967.921000	968.033970	5.287235E-4	1.106626E-2	300.002300	31081962.000000	31081990.000000	-28.000000
967.913000	968.023951	5.279904E-4	1.105692E-2	300.006500	31086464.000000	31086493.000000	-29.000000
967.904000	968.013931	5.280141E-4	1.106274E-2	300.000300	31090860.000000	31090888.000000	-28.000000
967.894000	968.003911	5.235338E-4	1.097526E-2	299.999200	31095360.000000	31095389.000000	-29.000000
967.885000	967.993970	5.248672E-4	1.100983E-2	300.003700	31099854.000000	31099881.000000	-27.000000
967.876000	967.983950	5.256985E-4	1.103414E-2	299.999500	31104357.000000	31104389.000000	-32.000000
967.866000	967.973930	5.288421E-4	1.110934E-2	300.003100	31108850.000000	31108878.000000	-28.000000
967.855000	967.963909	5.284896E-4	1.111182E-2	300.000100	31113350.000000	31113378.000000	-28.000000
967.847000	967.953967	5.279062E-4	1.111070E-2	299.999100	31117849.000000	31117879.000000	-30.000000
967.838000	967.943946	5.295015E-4	1.115392E-2	300.001700	31122345.000000	31122375.000000	-30.000000
967.830000	967.933925	5.286819E-4	1.114857E-2	300.001100	31126747.000000	31126779.000000	-32.000000
967.819000	967.923904	5.267220E-4	1.112183E-2	299.997000	31131243.000000	31131273.000000	-30.000000
967.800000	967.903940	5.251891E-4	1.110563E-2	299.994100	31140238.000000	31140267.000000	-29.000000
967.791000	967.893919	5.262544E-4	1.113498E-2	300.001400	31144638.000000	31144667.000000	-29.000000
967.781000	967.883897	5.280689E-4	1.118050E-2	300.000000	31149136.000000	31149166.000000	-30.000000
967.771000	967.873876	5.273064E-4	1.116843E-2	300.001200	31153637.000000	31153666.000000	-29.000000
967.762000	967.863854	5.272751E-4	1.117013E-2	299.998400	31158043.000000	31158119.000000	-76.000000
967.753000	967.853832	5.291515E-4	1.121360E-2	300.003400	31162533.000000	31162559.000000	-26.000000
967.744000	967.843810	5.260973E-4	2.306709E+2	300.001000	31167037.000000	31167067.000000	-30.000000
967.731000	967.833866	5.242989E-4	1.111416E-2	300.000700	31171545.000000	31171573.000000	-28.000000
967.722000	967.823843	5.223010E-4	1.106941E-2	299.999800	31176043.000000	31176071.000000	-28.000000
967.712000	967.813821	5.254663E-4	1.113481E-2	300.000300	31180439.000000	31180469.000000	-30.000000
967.702000	967.803798	5.270885E-4	1.116620E-2	300.000700	31184941.000000	31184971.000000	-30.000000
967.692000	967.793775	5.265968E-4	1.115475E-2	299.997900	31189435.000000	31189467.000000	-32.000000
967.683000	967.783752	5.267812E-4	1.115602E-2	300.007100	31193937.000000	31193967.000000	-30.000000
967.674000	967.773729	5.263624E-4	1.114631E-2	300.000500	31198433.000000	31198464.000000	-31.000000
967.664000	967.763705	5.276570E-4	1.117261E-2	299.997800	31202829.000000	31202908.000000	-79.000000
967.655000	967.753682	5.232794E-4	1.108265E-2	299.998300	31207335.000000	31207365.000000	-30.000000
967.637000	967.733634	5.230619E-4	1.108136E-2	300.000000	31216329.000000	31216358.000000	-29.000000
967.626000	967.723610	5.265601E-4	1.115938E-2	299.999500	31220730.000000	31220759.000000	-29.000000
967.617000	967.713586	5.275755E-4	1.118400E-2	300.001200	31225227.000000	31225255.000000	-28.000000
967.607000	967.703562	5.263171E-4	1.116095E-2	299.999200	31229629.000000	31229657.000000	-28.000000
967.598000	967.693538	5.275757E-4	1.119173E-2	299.999400	31234127.000000	31234156.000000	-29.000000
967.589000	967.683513	5.270198E-4	1.118715E-2	299.999000	31238623.000000	31238650.000000	-27.000000
967.580000	967.673567	5.266806E-4	9.187628E-3	300.002100	31243120.000000	31243147.000000	-27.000000
967.570000	967.663542	5.223895E-4	1.110173E-2	299.998900	31247618.000000	31247649.000000	-31.000000
967.551000	967.647564	5.247728E-4	1.115993E-2	300.000000	31286418.000000	31286447.000000	-29.000000
967.541000	967.637539	4.263897E-4	1.119775E-2	299.999400	31290813.000000	31290840.000000	-27.000000
967.531000	967.627514	5.272067E-4	1.121795E-2	300.000800	31295317.000000	31295345.000000	-28.000000
967.521000	967.617488	4.602318E-4	1.117945E-2	300.001800	31299706.000000	31299732.000000	-26.000000
967.511000	967.607463	5.274988E-4	1.122807E-2	300.003900	31304216.000000	31304244.000000	-28.000000
967.494000	967.587646	5.236521E-4	1.115308E-2	299.997900	31338502.000000	31338529.000000	-27.000000
967.485000	967.577620	5.215604E-4	1.111011E-2	299.998900	31342999.000000	31343029.000000	-30.000000
967.476000	967.567593	5.234464E-4	1.115356E-2	300.000500	31347500.000000	31347529.000000	-29.000000
967.465000	967.557645	5.262926E-4	1.121653E-2	300.000400	31351993.000000	31352022.000000	-29.000000
967.456000	967.547619	5.262378E-4	1.121907E-2	300.001000	31356492.000000	31356522.000000	-30.000000
967.444000	967.537592	5.263881E-4	1.122477E-2	300.003300	31360988.000000	31361018.000000	-30.000000
967.434000	967.527565	5.247947E-4	1.119496E-2	299.995000	31365390.000000	31365418.000000	-28.000000
967.427000	967.517538	5.269284E-4	1.124481E-2	300.004400	31369792.000000	31369864.000000	-72.000000
967.418000	967.507511	5.239497E-4	1.119052E-2	299.999700	31374290.000000	31374321.000000	-31.000000
967.410000	967.497484	5.222065E-4	1.115522E-2	299.999700	31378791.000000	31378820.000000	-29.000000
967.400000	967.487456	5.194253E-4	1.110390E-2	299.999800	31383285.000000	31383315.000000	-30.000000
967.392000	967.477507	5.220250E-4	1.116880E-2	300.003200	31387793.000000	31387821.000000	-28.000000
967.382000	967.467479	5.231510E-4	1.120217E-2	299.997800	31392296.000000	31392328.000000	-32.000000
967.373000	967.457451	5.244009E-4	1.123850E-2	299.998400	31396797.000000	31396828.000000	-31.000000
967.363000	967.447423	5.231844E-4	1.122166E-2	300.000400	31401294.000000	31401321.000000	-27.000000
967.354000	967.437395	5.223340E-4	1.121149E-2	299.999000	31405691.000000	31405720.000000	-29.000000
967.344000	967.427366	5.232226E-4	1.123866E-2	300.001100	31410189.000000	31410220.000000	-31.000000
967.337000	967.417338	5.209848E-4	1.119906E-2	300.000000	31414687.000000	31414717.000000	-30.000000
967.328000	967.407309	5.186864E-4	1.115705E-2	299.998200	31419186.000000	31419216.000000	-30.000000
967.319000	967.397359	5.161872E-4	9.107798E-3	299.998200	31423684.000000	31423713.000000	-29.000000
967.309000	967.387330	5.188143E-4	1.116530E-2	300.002300	31428182.000000	31428212.000000	-30.000000
967.300000	967.377301	5.182908E-4	1.115275E-2	299.998800	31432679.000000	31432708.000000	-29.000000
967.289000	967.367271	5.206619E-4	1.120796E-2	299.998400	31437178.000000	31437207.000000	-29.000000
967.281000	967.357242	5.198068E-4	1.119052E-2	299.999900	31441671.000000	31441700.000000	-29.000000
967.270000	967.347212	5.207684E-4	1.121037E-2	300.000100	31446180.000000	31446209.000000	-29.000000
967.263000	967.337183	5.217845E-4	1.122804E-2	299.998000	31450683.000000	31450713.000000	-30.000000
967.245000	967.318455	5.174991E-4	1.112909E-2	300.006000	31495762.000000	31495793.000000	-31.000000
967.234000	967.308503	5.169586E-4	1.111296E-2	300.001000	31500163.000000	31500192.000000	-29.000000
967.227000	967.298473	5.217312E-4	1.121347E-2	300.000600	31504659.000000	31504690.000000	-31.000000
967.216000	967.288442	5.233186E-4	1.124496E-2	300.000800	31509076.000000	31509143.000000	-67.000000
967.207000	967.278412	5.246640E-4	1.127245E-2	300.003600	31513558.000000	31513585.000000	-27.000000
967.197000	967.268459	5.225999E-4	1.122518E-2	300.002200	31517961.000000	31517989.000000	-28.000000
967.188000	967.258428	5.241049E-4	1.125636E-2	300.000600	31522460.000000	31522488.000000	-28.000000
967.177000	967.248476	5.239192E-4	1.125239E-2	299.996700	31526957.000000	31526988.000000	-31.000000
967.170000	967.238445	5.221465E-4	1.121631E-2	300.001500	31531454.000000	31531485.000000	-31.000000
967.159000	967.228570	5.200867E-4	1.117398E-2	300.001100	31535953.000000	31535982.000000	-29.000000
967.151000	967.218539	5.200824E-4	1.117750E-2	299.997500	31540465.000000	31540494.000000	-29.000000
967.141000	967.208585	5.237975E-4	1.126128E-2	299.998900	31544962.000000	31544991.000000	-29.000000
967.132000	967.198553	5.242347E-4	1.127531E-2	300.000100	31549461.000000	31549490.000000	-29.000000
967.122000	967.188600	5.247120E-4	1.128933E-2	299.995500	31553959.000000	31553990.000000	-31.000000
967.112000	967.178568	5.220044E-4	1.123446E-2	299.999100	31558456.000000	31558481.000000	-25.000000
967.103000	967.168536	5.240183E-4	1.128039E-2	300.001200	31562953.000000	31562983.000000	-30.000000
967.094000	967.158503	5.221611E-4	1.124335E-2	299.998200	31567448.000000	31567477.000000	-29.000000
967.086000	967.148549	5.201232E-4	1.120383E-2	300.001000	31571945.000000	31571975.000000	-30.000000
967.077000	967.138516	5.176411E-4	1.115133E-2	300.002300	31576448.000000	31576475.000000	-27.000000
967.068000	967.128484	5.192881E-4	1.119017E-2	299.997600	31580942.000000	31580968.000000	-26.000000
967.058000	967.118451	5.220449E-4	1.125077E-2	300.000800	31585351.000000	31585421.000000	-70.000000
967.049000	967.108417	5.218609E-4	1.124834E-2	300.001400	31589840.000000	31589869.000000	-29.000000
967.038000	967.098384	5.214578E-4	1.123900E-2	300.000800	31594341.000000	31594370.000000	-29.000000
967.029000	967.088351	5.195106E-4	1.119340E-2	299.999600	31598756.000000	31598825.000000	-69.000000
967.020000	967.078396	5.220381E-4	1.124805E-2	300.003000	31603240.000000	31603271.000000	-31.000000
967.010000	967.068362	5.189163E-4	1.117971E-2	300.001000	31607738.000000	31607768.000000	-30.000000
967.001000	967.058328	5.174682E-4	1.114852E-2	299.996900	31612248.000000	31612276.000000	-28.000000
966.992000	967.048294	5.170195E-4	1.113879E-2	300.007300	31616746.000000	31616777.000000	-31.000000
966.984000	967.038260	5.192237E-4	1.118807E-2	300.006000	31621247.000000	31621275.000000	-28.000000
966.973000	967.028225	5.214054E-4	1.123592E-2	300.003000	31625743.000000	31625771.000000	-28.000000
966.965000	967.018191	5.198322E-4	1.120334E-2	300.000400	31630147.000000	31630212.000000	-65.000000
966.954000	967.008235	5.192414E-4	1.119747E-2	300.001000	31634641.000000	31634668.000000	-27.000000
966.947000	966.998200	5.176849E-4	1.116625E-2	300.002800	31639136.000000	31639167.000000	-31.000000
966.936000	966.988165	5.198467E-4	1.121824E-2	300.002400	31643635.000000	31643664.000000	-29.000000
966.925000	966.978130	5.160827E-4	1.114197E-2	300.001100	31648046.000000	31648114.000000	-68.000000
966.915000	966.968095	5.150634E-4	1.113045E-2	300.001400	31652534.000000	31652563.000000	-29.000000
966.908000	966.958138	5.149090E-4	1.113386E-2	300.000700	31657032.000000	31657063.000000	-31.000000
966.898000	966.948102	5.179914E-4	1.121121E-2	300.003400	31661529.000000	31661560.000000	-31.000000
966.889000	966.938067	5.190137E-4	1.124090E-2	300.001600	31666027.000000	31666056.000000	-29.000000
966.879000	966.928109	5.171419E-4	1.120682E-2	299.999300	31670437.000000	31670504.000000	-67.000000
966.870000	966.918073	5.171718E-4	1.121587E-2	300.001300	31674925.000000	31674953.000000	-28.000000
966.859000	966.908037	5.171355E-4	1.122036E-2	300.004100	31679328.000000	31679359.000000	-31.000000
966.851000	966.898001	5.176878E-4	1.123439E-2	300.000500	31683729.000000	31683809.000000	-80.000000
966.841000	966.888043	5.135948E-4	1.114916E-2	300.002200	31688132.000000	31688198.000000	-66.000000
966.833000	966.878006	5.140875E-4	1.116391E-2	300.003800	31692628.000000	31692657.000000	-29.000000
966.822000	966.867970	5.146509E-4	1.117738E-2	300.000400	31697124.000000	31697156.000000	-32.000000
966.814000	966.857854	5.171558E-4	1.123325E-2	299.999600	31701623.000000	31701652.000000	-29.000000
966.805000	966.847896	5.176001E-4	1.124154E-2	300.001000	31706117.000000	31706148.000000	-31.000000
966.794000	966.837858	5.152505E-4	1.118904E-2	299.995600	31710617.000000	31710642.000000	-25.000000
966.785000	966.827900	5.162506E-4	1.120491E-2	299.997300	31715115.000000	31715145.000000	-30.000000
966.775000	966.817862	5.156758E-4	1.118744E-2	300.000300	31719611.000000	31719639.000000	-28.000000
966.766000	966.807824	5.150789E-4	1.117066E-2	300.003600	31724118.000000	31724144.000000	-26.000000
966.756000	966.797787	5.120375E-4	1.109939E-2	300.002400	31728622.000000	31728651.000000	-29.000000
966.747000	966.787827	5.130903E-4	1.112000E-2	300.000200	31733121.000000	31733149.000000	-28.000000
966.737000	966.777789	5.147758E-4	1.115335E-2	299.997700	31737521.000000	31737550.000000	-29.000000
966.728000	966.767751	5.160699E-4	1.118281E-2	300.001600	31742020.000000	31742049.000000	-29.000000
966.720000	966.757713	5.157367E-4	1.117491E-2	299.998500	31746517.000000	31746546.000000	-29.000000
966.709000	966.747831	5.120789E-4	1.109546E-2	299.997300	31751013.000000	31751044.000000	-31.000000
966.699000	966.737792	5.137385E-4	1.113045E-2	300.005600	31755417.000000	31755445.000000	-28.000000
966.687000	966.727832	5.126821E-4	1.111385E-2	300.000100	31759917.000000	31759945.000000	-28.000000
966.678000	966.717793	5.115495E-4	1.109464E-2	300.002300	31764407.000000	31764438.000000	-31.000000
966.666000	966.707832	5.115060E-4	1.109764E-2	299.999000	31768812.000000	31768841.000000	-29.000000
966.658000	966.697872	5.122786E-4	1.112010E-2	300.002400	31773215.000000	31773244.000000	-29.000000
966.647000	966.687911	5.158335E-4	1.120293E-2	300.000300	31777710.000000	31777739.000000	-29.000000
966.639000	966.677949	5.141992E-4	1.117232E-2	299.996200	31782208.000000	31782240.000000	-32.000000
966.628000	966.668067	5.136054E-4	1.116333E-2	300.002800	31786707.000000	31786737.000000	-30.000000
966.618000	966.658105	5.146897E-4	1.118800E-2	299.999000	31791004.000000	31791087.000000	-83.000000
966.617000	966.658105	5.145242E-4	1.118489E-2	300.001800	31793509.000000	31793537.000000	-28.000000
966.609000	966.648222	5.142535E-4	1.117564E-2	300.000800	31797910.000000	31797975.000000	-65.000000
966.597000	966.638417	5.139829E-4	1.116997E-2	299.999900	31802404.000000	31802432.000000	-28.000000
966.577000	966.622808	5.148849E-4	1.117908E-2	299.999000	31838694.000000	31838724.000000	-30.000000
966.567000	966.612846	5.172588E-4	1.122740E-2	300.000700	31843094.000000	31843125.000000	-31.000000
966.557000	966.602883	5.160361E-4	1.120085E-2	300.000900	31847495.000000	31847525.000000	-30.000000
966.547000	966.592999	5.156043E-4	1.119081E-2	300.000300	31851995.000000	31852026.000000	-31.000000
966.538000	966.583037	5.152404E-4	1.117824E-2	299.999600	31856402.000000	31856464.000000	-62.000000
966.527000	966.573074	5.153222E-4	1.118010E-2	299.998800	31860895.000000	31860924.000000	-29.000000
966.518000	966.563190	5.129618E-4	1.112764E-2	299.997700	31865390.000000	31865419.000000	-29.000000
966.507000	966.553305	5.116637E-4	1.110095E-2	300.002600	31869888.000000	31869918.000000	-30.000000
966.496000	966.543264	5.144403E-4	1.116312E-2	299.997600	31874386.000000	31874416.000000	-30.000000
966.486000	966.533301	5.141371E-4	1.116117E-2	299.994400	31878885.000000	31878914.000000	-29.000000
966.475000	966.523416	5.114456E-4	1.110616E-2	300.001000	31883382.000000	31883413.000000	-31.000000
966.464000	966.513452	5.080684E-4	1.103272E-2	299.996400	31887878.000000	31887907.000000	-29.000000
966.453000	966.503488	5.104806E-4	1.110535E-2	299.998200	31892375.000000	31892404.000000	-29.000000
966.444000	966.493525	5.105918E-4	1.111381E-2	299.999500	31896874.000000	31896903.000000	-29.000000
966.433000	966.483561	5.078668E-4	1.106177E-2	300.002900	31901283.000000	31901356.000000	-73.000000
966.422000	966.473596	5.077690E-4	1.107016E-2	300.001600	31905776.000000	31905806.000000	-30.000000
966.412000	966.463632	5.107301E-4	1.114326E-2	299.997800	31910174.000000	31910205.000000	-31.000000
966.401000	966.453746	5.106922E-4	1.115211E-2	300.000700	31914575.000000	31914603.000000	-28.000000
966.392000	966.443860	5.100111E-4	1.114804E-2	299.997300	31918976.000000	31919006.000000	-30.000000
966.380000	966.433895	5.083889E-4	1.111851E-2	299.998800	31923379.000000	31923407.000000	-28.000000
966.370000	966.424009	5.089708E-4	1.113589E-2	299.997200	31927877.000000	31927907.000000	-30.000000
966.363000	966.414044	5.087765E-4	1.113318E-2	300.000300	31932374.000000	31932404.000000	-30.000000
966.352000	966.404236	5.065132E-4	1.108209E-2	299.997500	31936872.000000	31936900.000000	-28.000000
966.342000	966.394427	5.083837E-4	1.111996E-2	300.002900	31941274.000000	31941302.000000	-28.000000
966.331000	966.384619	5.101575E-4	1.115352E-2	300.000500	31945771.000000	31945802.000000	-31.000000
966.321000	966.374732	5.104128E-4	1.115235E-2	299.995500	31950179.000000	31950246.000000	-67.000000
966.310000	966.364844	5.103080E-4	1.115142E-2	300.001800	31954669.000000	31954699.000000	-30.000000
966.300000	966.354957	5.084010E-4	1.110690E-2	300.001600	31959169.000000	31959196.000000	-27.000000
966.290000	966.345070	5.101530E-4	1.114115E-2	300.000800	31963663.000000	31963691.000000	-28.000000
966.280000	966.335103	5.085916E-4	1.110056E-2	300.005400	31968159.000000	31968187.000000	-28.000000
966.271000	966.325294	5.072100E-4	1.106455E-2	299.997500	31972659.000000	31972687.000000	-28.000000
966.262000	966.315406	5.089612E-4	1.109792E-2	299.999600	31977157.000000	31977186.000000	-29.000000
966.251000	966.305518	5.099457E-4	1.111431E-2	299.999200	31981557.000000	31981588.000000	-31.000000
966.240000	966.295551	5.120559E-4	1.115876E-2	299.996500	31985958.000000	31985989.000000	-31.000000
966.228000	966.285663	5.100226E-4	1.111541E-2	300.003500	31990458.000000	31990485.000000	-27.000000
966.219000	966.275774	5.083331E-4	1.107973E-2	299.999200	31994954.000000	31994982.000000	-28.000000
966.207000	966.265964	5.094209E-4	1.110393E-2	299.997900	31999449.000000	31999479.000000	-30.000000
966.199000	966.255996	5.071931E-4	1.105725E-2	300.001600	32003851.000000	32003879.000000	-28.000000
966.187000	966.246107	5.071343E-4	1.105921E-2	300.002800	32008254.000000	32008283.000000	-29.000000
966.179000	966.236218	5.071423E-4	1.106140E-2	299.997700	32012754.000000	32012784.000000	-30.000000
966.168000	966.226329	5.089415E-4	1.110497E-2	300.002200	32017248.000000	32017278.000000	-30.000000
966.159000	966.216440	5.110646E-4	1.115267E-2	300.000100	32021653.000000	32021681.000000	-28.000000
966.149000	966.206550	5.075435E-4	1.108076E-2	300.000300	32026149.000000	32026181.000000	-32.000000
966.137000	966.196739	5.077558E-4	1.108939E-2	300.003700	32030646.000000	32030676.000000	-30.000000
966.128000	966.186849	5.075811E-4	1.108830E-2	299.999300	32035044.000000	32035074.000000	-30.000000
966.118000	966.176880	5.057089E-4	1.104751E-2	300.003200	32039449.000000	32039479.000000	-30.000000
966.108000	966.166912	5.058594E-4	1.104865E-2	300.001000	32043947.000000	32043974.000000	-27.000000
966.097000	966.157021	5.052766E-4	1.103142E-2	300.001300	32048441.000000	32048469.000000	-28.000000
966.086000	966.147052	5.084119E-4	1.109618E-2	300.003400	32052941.000000	32052968.000000	-27.000000
966.077000	966.137083	5.089367E-4	1.110333E-2	299.996600	32057250.000000	32057333.000000	-83.000000
966.068000	966.127193	5.058270E-4	1.103357E-2	300.001400	32061652.000000	32061722.000000	-70.000000
966.058000	966.117223	5.060825E-4	1.104065E-2	299.996300	32066144.000000	32066173.000000	-29.000000
966.047000	966.107332	5.048636E-4	1.101447E-2	300.001000	32070642.000000	32070672.000000	-30.000000
966.037000	966.097362	5.043787E-4	1.100424E-2	299.999400	32075047.000000	32075076.000000	-29.000000
966.026000	966.087471	5.037086E-4	1.098971E-2	300.003500	32079446.000000	32079476.000000	-30.000000
966.013000	966.077580	5.035743E-4	8.989326E-3	299.998500	32083943.000000	32083972.000000	-29.000000
966.003000	966.067688	5.068355E-4	1.684992E-2	300.005900	32088441.000000	32088470.000000	-29.000000
965.992000	966.057796	5.062369E-4	1.105475E-2	299.999900	32092846.000000	32092875.000000	-29.000000
965.984000	966.047904	5.041518E-4	1.101617E-2	300.001300	32097231.000000	32097260.000000	-29.000000
965.974000	966.038012	5.043731E-4	1.102703E-2	300.001800	32101744.000000	32101775.000000	-31.000000
965.963000	966.028277	5.030376E-4	1.100725E-2	299.998700	32106238.000000	32106269.000000	-31.000000
965.953000	966.018385	4.038900E-4	1.103531E-2	299.995700	32110633.000000	32110663.000000	-30.000000
965.943000	966.008414	5.028066E-4	1.101772E-2	299.998900	32115140.000000	32115170.000000	-30.000000
965.933000	965.998521	5.032561E-4	1.103296E-2	299.999500	32119634.000000	32119663.000000	-29.000000
965.922000	965.988628	5.057785E-4	1.109089E-2	300.000200	32124040.000000	32124069.000000	-29.000000
965.912000	965.978814	5.045374E-4	1.106620E-2	300.000400	32128534.000000	32128562.000000	-28.000000
965.902000	965.968921	6.567226E-1	1.104064E-2	299.997700	32132926.000000	32132957.000000	-31.000000
965.892000	965.959028	5.025495E-4	1.102771E-2	299.998900	32137320.000000	32137350.000000	-30.000000
965.883000	965.949134	5.020148E-4	1.101637E-2	300.002700	32141722.000000	32141748.000000	-26.000000
965.872000	965.939319	5.018992E-4	1.101258E-2	299.997600	32146126.000000	32146153.000000	-27.000000
965.862000	965.929347	5.001438E-4	1.097044E-2	300.002500	32150526.000000	32150555.000000	-29.000000
965.851000	965.919453	5.005166E-4	1.097474E-2	300.001700	32154927.000000	32154957.000000	-30.000000
965.841000	965.909559	5.050562E-4	1.101039E-2	300.004100	32159424.000000	32159451.000000	-27.000000
965.824000	965.899665	5.200256E-4	1.139115E-2	300.001100	32163823.000000	32163854.000000	-31.000000
965.813000	965.889692	5.180001E-4	1.134658E-2	300.001300	32168222.000000	32168252.000000	-30.000000
965.804000	965.879798	5.147428E-4	4.090197E-1	299.998100	32172726.000000	32172757.000000	-31.000000
965.793000	965.869982	5.125556E-4	1.122572E-2	299.998900	32177221.000000	32177252.000000	-31.000000
965.784000	965.860166	5.133515E-4	1.124850E-2	300.000400	32181720.000000	32181750.000000	-30.000000
965.774000	965.850193	5.146742E-4	1.127609E-2	300.000000	32186215.000000	32186245.000000	-30.000000
965.762000	965.840298	5.173490E-4	1.133506E-2	300.001600	32190619.000000	32190650.000000	-31.000000
965.753000	965.830403	5.208566E-4	1.141361E-2	299.999000	32195023.000000	32195051.000000	-28.000000
965.742000	965.820586	5.186942E-4	1.137034E-2	299.998600	32199519.000000	32199551.000000	-32.000000
965.733000	965.810769	5.175479E-4	1.134934E-2	300.000400	32203914.000000	32203945.000000	-31.000000
965.723000	965.800873	5.139920E-4	1.127477E-2	300.002300	32208418.000000	32208447.000000	-29.000000
965.713000	965.791056	5.138714E-4	1.127559E-2	299.998800	32212915.000000	32212942.000000	-27.000000
965.702000	965.781239	5.145624E-4	1.129152E-2	299.995000	32217316.000000	32217344.000000	-28.000000
965.684000	965.761683	5.201847E-4	1.141738E-2	299.999300	32226210.000000	32226240.000000	-30.000000
965.673000	965.751943	5.216011E-4	1.144721E-2	299.999100	32230713.000000	32230743.000000	-30.000000
965.664000	965.742047	5.206197E-4	1.142127E-2	299.997800	32235123.000000	32235187.000000	-64.000000
965.653000	965.732307	5.186444E-4	1.137768E-2	299.996000	32239611.000000	32239640.000000	-29.000000
965.644000	965.722411	5.145267E-4	1.128636E-2	300.001900	32244110.000000	32244140.000000	-30.000000
965.634000	965.712593	2.996172E+0	1.129207E-2	300.002400	32248504.000000	32248534.000000	-30.000000
965.622000	965.702696	5.142701E-4	1.127305E-2	300.000100	32253008.000000	32253037.000000	-29.000000
965.611000	965.692798	5.159327E-4	1.130445E-2	299.999700	32257502.000000	32257534.000000	-32.000000
965.601000	965.682901	5.190006E-4	9.366282E-3	300.003600	32262001.000000	32262030.000000	-29.000000
965.593000	965.673004	5.199389E-4	1.137906E-2	300.002900	32266412.000000	32266480.000000	-68.000000
965.582000	965.663106	5.202935E-4	1.138424E-2	300.001100	32270904.000000	32270932.000000	-28.000000
965.574000	965.653209	5.164085E-4	1.129750E-2	299.998000	32275399.000000	32275429.000000	-30.000000
965.563000	965.643311	5.139017E-4	1.124329E-2	299.995100	32279802.000000	32279830.000000	-28.000000
965.553000	965.633334	5.124374E-4	1.121256E-2	299.996200	32284198.000000	32284227.000000	-29.000000
965.543000	965.623436	5.120350E-4	1.120749E-2	300.001500	32288587.000000	32288616.000000	-29.000000
965.531000	965.613538	5.141792E-4	1.125830E-2	300.000800	32292987.000000	32293015.000000	-28.000000
965.522000	965.603639	5.150390E-4	1.127935E-2	299.997900	32297388.000000	32297419.000000	-31.000000
965.511000	965.593741	5.177040E-4	1.134363E-2	299.999500	32301887.000000	32301916.000000	-29.000000





